#usda 1.0
(
    endTimeCode = 18
    framesPerSecond = 30
    startTimeCode = 0
    timeCodesPerSecond = 30
)

def SkelRoot "SkelRoot"
{
    def Skeleton "Skeleton" (
        prepend apiSchemas = ["SkelBindingAPI"]
    )
    {
        uniform matrix4d[] bindTransforms = [( (1, 0, 0.00005492584750754759, 0), (0, 1, 0, 0), (-0.00005492584750754759, 0, 1, 0), (2.061069965362549, 0, 1.2299669981002808, 1) ), ( (0.000018598286260385066, 1, -0.00002980130011565052, 0), (-0.00005492584750754759, 0.000029802322387695312, 1, 0), (1, -0.000018596649169921875, 0.00005492584750754759, 0), (2.0609657764434814, 79.60704040527344, 3.126859188079834, 1) ), ( (0.000015821271517779678, 0.999986469745636, 0.005207733251154423, 0), (-0.0000564823676540982, -0.005207732319831848, 0.999986469745636, 0), (1, -0.000016115202015498653, 0.00005639865412376821, 0), (2.0609982013702393, 81.36717224121094, 3.1268067359924316, 1) ), ( (0.000008637715836812276, 0.9995207190513611, 0.030952410772442818, 0), (-0.00010093837772728875, -0.030952412635087967, 0.9995207786560059, 0), (1, -0.000011757862921513151, 0.0001006220918498002, 0), (2.061159610748291, 91.55142211914062, 3.179844379425049, 1) ), ( (2.618480721139349e-7, 0.9989457130432129, 0.045906394720077515, 0), (-0.00027786893770098686, -0.04590638726949692, 0.9989458918571472, 0), (1, -0.000013017537639825605, 0.00027756340568885207, 0), (2.061230182647705, 99.72667694091797, 3.433009624481201, 1) ), ( (-0.000004246254775353009, 0.9988992810249329, 0.04690540209412575, 0), (-0.0003385525487829, -0.046905409544706345, 0.9988992810249329, 0), (1, -0.000011638363503152505, 0.0003383785951882601, 0), (2.0612335205078125, 110.7710189819336, 3.9405503273010254, 1) ), ( (0.9505965113639832, -0.15815028548240662, -0.267123281955719, 0), (0.2570822536945343, -0.08124954998493195, 0.9629678726196289, 0), (-0.1739974468946457, -0.9840664267539978, -0.03657787665724754, 0), (7.191567420959473, 124.700927734375, 5.469303607940674, 1) ), ( (0.9992967844009399, -0.037389542907476425, -0.002843493828549981, 0), (0.00034212443279102445, -0.06673795729875565, 0.9977705478668213, 0), (-0.03749608248472214, -0.9970698356628418, -0.0666782483458519, 0), (27.15766143798828, 121.37916564941406, -0.1412872076034546, 1) ), ( (0.9808820486068726, -0.049473561346530914, 0.18820956349372864, 0), (-0.19095681607723236, -0.05834638699889183, 0.9798627495765686, 0), (-0.037496086210012436, -0.9970697164535522, -0.0666782483458519, 0), (59.93306350708008, 120.15287017822266, -0.23454749584197998, 1) ), ( (0.9808821678161621, -0.04947366565465927, 0.18820956349372864, 0), (-0.19095680117607117, -0.05834637209773064, 0.9798628687858582, 0), (-0.037496160715818405, -0.9970697164535522, -0.0666782483458519, 0), (59.93306350708008, 120.15287780761719, -0.2345486879348755, 1) ), ( (0.9808821678161621, -0.04947366565465927, 0.18820956349372864, 0), (-0.19095680117607117, -0.05834637209773064, 0.9798628687858582, 0), (-0.037496160715818405, -0.9970697164535522, -0.0666782483458519, 0), (72.4469985961914, 119.52168273925781, 2.1665914058685303, 1) ), ( (0.9808821678161621, -0.04947366565465927, 0.18820956349372864, 0), (-0.19095680117607117, -0.05834637209773064, 0.9798628687858582, 0), (-0.037496160715818405, -0.9970697164535522, -0.0666782483458519, 0), (83.09856414794922, 118.98443603515625, 4.210386753082275, 1) ), ( (0.9808821678161621, -0.04947366565465927, 0.18820956349372864, 0), (-0.19095680117607117, -0.05834637209773064, 0.9798628687858582, 0), (-0.037496160715818405, -0.9970697164535522, -0.0666782483458519, 0), (89.11158752441406, 118.68116760253906, 5.364166736602783, 1) ), ( (0.9858380556106567, -0.01317867636680603, 0.16718243062496185, 0), (-0.00302092544734478, -0.9981409907341003, -0.06086841598153114, 0), (0.16767385601997375, 0.05950131267309189, -0.9840453863143921, 0), (89.11158752441406, 118.68116760253906, 5.364166736602783, 1) ), ( (0.9370272159576416, -0.1390070915222168, 0.32040172815322876, 0), (-0.12174069881439209, -0.9898436665534973, -0.07341095805168152, 0), (0.3273523151874542, 0.029782086610794067, -0.9444330930709839, 0), (93.65249633789062, 117.35397338867188, 8.202898979187012, 1) ), ( (0.9564461708068848, -0.160051628947258, 0.24411918222904205, 0), (-0.14156337082386017, -0.98568195104599, -0.09160397201776505, 0), (0.2552849054336548, 0.05305591598153114, -0.9654089212417603, 0), (104.37358856201172, 116.74048614501953, 11.745615005493164, 0.9999998807907104) ), ( (0.949713945388794, -0.21520507335662842, 0.22744326293468475, 0), (-0.2082395702600479, -0.9765593409538269, -0.054486874490976334, 0), (0.23383766412734985, 0.004384261555969715, -0.9722661375999451, 0), (110.76588439941406, 115.67082977294922, 13.377147674560547, 1) ), ( (0.9813833832740784, -0.07299240678548813, 0.17764854431152344, 0), (-0.07530388981103897, -0.9971410036087036, 0.006294690538197756, 0), (0.1766810417175293, -0.019555164501070976, -0.9840736389160156, 0), (115.22232818603516, 114.66096496582031, 14.444413185119629, 1) ), ( (0.9783515930175781, -0.1103520318865776, 0.17507386207580566, 0), (-0.09818913787603378, -0.9922077059745789, -0.076703280210495, 0), (0.18217399716377258, 0.0578523725271225, -0.9815629124641418, 0), (94.19135284423828, 117.80361938476562, 6.561021327972412, 1) ), ( (0.980956494808197, -0.16279557347297668, 0.10593337565660477, 0), (-0.16289350390434265, -0.9866130948066711, -0.007786039263010025, 0), (0.10578270256519318, -0.009618123061954975, -0.9943430423736572, 0), (104.95439147949219, 117.69252014160156, 8.309381484985352, 1) ), ( (0.9731847643852234, -0.2081843763589859, 0.09783273935317993, 0), (-0.2101462334394455, -0.9776181578636169, 0.010079297237098217, 0), (0.09354469925165176, -0.03036823496222496, -0.9951518774032593, 0), (112.22722625732422, 116.48555755615234, 9.094773292541504, 1) ), ( (0.9937548041343689, -0.07408947497606277, 0.08344227820634842, 0), (-0.08164310455322266, -0.9924914240837097, 0.09108038991689682, 0), (0.07606760412454605, -0.09732405841350555, -0.9923416376113892, 0), (117.25546264648438, 115.40989685058594, 9.600252151489258, 1) ), ( (0.9858372807502747, -0.013183481991291046, 0.1671849936246872, 0), (-0.0030292740557342768, -0.9981427192687988, -0.060847219079732895, 0), (0.16767658293247223, 0.059478990733623505, -0.9840463399887085, 0), (88.98601531982422, 118.5145263671875, 5.3475141525268555, 1) ), ( (0.9903475046157837, -0.09033606201410294, -0.10512520372867584, 0), (-0.04850241169333458, -0.9363506436347961, 0.34770047664642334, 0), (-0.12984390556812286, -0.3392454981803894, -0.9316937327384949, 0), (94.45435333251953, 117.27473449707031, 2.7888596057891846, 1) ), ( (0.9589501023292542, -0.16568277776241302, -0.2301388382911682, 0), (-0.13552674651145935, -0.9806492924690247, 0.1412775069475174, 0), (-0.24909265339374542, -0.10428833216428757, -0.9628484845161438, 0), (103.32077026367188, 116.46592712402344, 1.848057746887207, 1) ), ( (0.9366313219070435, -0.15119697153568268, -0.31600865721702576, 0), (-0.08812130242586136, -0.9747472405433655, 0.20518992841243744, 0), (-0.3390525281429291, -0.16434022784233093, -0.9263020753860474, 0), (108.71976470947266, 115.53311157226562, 0.552334189414978, 1) ), ( (0.9685467481613159, -0.08744563907384872, -0.23296085000038147, 0), (-0.04265895485877991, -0.9807080626487732, 0.19076797366142273, 0), (-0.24514849483966827, -0.17482981085777283, -0.9535918831825256, 0), (112.5683822631836, 114.91184997558594, -0.7461428642272949, 1) ), ( (0.9903143644332886, -0.13334870338439941, 0.03867495432496071, 0), (-0.12955999374389648, -0.9876688718795776, -0.0878918468952179, 0), (0.049918241798877716, 0.082029789686203, -0.9953792095184326, 0), (94.42823028564453, 117.66336059570312, 4.797915935516357, 1) ), ( (0.9850884079933167, -0.15742234885692596, -0.06941993534564972, 0), (-0.15058502554893494, -0.9840530753135681, 0.09467773139476776, 0), (-0.08321725577116013, -0.0828123465180397, -0.9930847883224487, 0), (104.4484634399414, 117.23883056640625, 5.03303861618042, 1) ), ( (0.973835825920105, -0.21767005324363708, -0.06529350578784943, 0), (-0.204546719789505, -0.9647651314735413, 0.1654939204454422, 0), (-0.099015973508358, -0.14780838787555695, -0.984046995639801, 0), (111.18605041503906, 116.162109375, 4.558232307434082, 1) ), ( (0.9869894981384277, -0.1599692851305008, -0.016199897974729538, 0), (-0.15492872893810272, -0.9731358289718628, 0.17030566930770874, 0), (-0.04300845414400101, -0.16558004915714264, -0.9852582216262817, 0), (116.07876586914062, 115.06852722167969, 4.230191707611084, 1) ), ( (0.2513258159160614, -0.4364269971847534, 0.8639253973960876, 0), (0.47983020544052124, -0.7189950942993164, -0.502801239490509, 0), (0.8405939936637878, 0.5409045815467834, 0.028708776459097862, 0), (91.61211395263672, 116.70128631591797, 7.240078449249268, 1) ), ( (0.34317535161972046, -0.5036723017692566, 0.7928085327148438, 0), (0.8977726101875305, -0.07222855091094971, -0.43449699878692627, 0), (0.2761073112487793, 0.8608702421188354, 0.4273960292339325, 0), (93.09830474853516, 114.12054443359375, 12.348752975463867, 1) ), ( (0.29875823855400085, -0.35420262813568115, 0.8861624598503113, 0), (0.8753365278244019, -0.2682020366191864, -0.4023098051548004, 0), (0.38016998767852783, 0.8958841562271118, 0.22991904616355896, 0), (95.12030029296875, 111.15283203125, 17.02008819580078, 1) ), ( (0.19742825627326965, -0.45280373096466064, 0.8694775700569153, 0), (0.9464208483695984, -0.14317473769187927, -0.289461612701416, 0), (0.25555652379989624, 0.8800396919250488, 0.4002760648727417, 0), (96.9365234375, 108.99955749511719, 22.40726661682129, 0.9999999403953552) ), ( (0.9992967844009399, -0.037389542907476425, -0.002843493828549981, 0), (0.00034210941521450877, -0.06673794239759445, 0.9977704882621765, 0), (-0.03749607130885124, -0.997069776058197, -0.0666782408952713, 0), (40.98366165161133, 120.86184692382812, -0.18063068389892578, 1) ), ( (0.9992967844009399, -0.037389542907476425, -0.002843493828549981, 0), (0.00034210941521450877, -0.06673794239759445, 0.9977704882621765, 0), (-0.03749607130885124, -0.997069776058197, -0.0666782408952713, 0), (50.06629943847656, 120.52202606201172, -0.20647311210632324, 1) ), ( (0.9992967844009399, -0.037389542907476425, -0.002843493828549981, 0), (0.00034210941521450877, -0.06673794239759445, 0.9977704882621765, 0), (-0.03749607130885124, -0.997069776058197, -0.0666782408952713, 0), (59.93306350708008, 120.15287017822266, -0.23454749584197998, 1) ), ( (-0.00011835886107292026, 0.959320604801178, 0.2823186218738556, 0), (-0.0003278456279076636, -0.2823185324668884, 0.9593207240104675, 0), (1, 0.00002098720142384991, 0.00034792342921718955, 0), (2.0621554851531982, 128.6160125732422, 1.82802414894104, 1) ), ( (-0.00011841309606097639, 0.9593205451965332, 0.2823185920715332, 0), (-0.0003275827330071479, -0.28231850266456604, 0.9593206644058228, 0), (0.9999999403953552, 0.000021113452021381818, 0.00034768652403727174, 0), (2.0609171390533447, 138.65377807617188, 4.7820353507995605, 1) ), ( (-0.00011841309606097639, 0.9593205451965332, 0.2823185920715332, 0), (-0.0003260251833125949, -0.28231850266456604, 0.9593206644058228, 0), (0.9999999403953552, 0.00002155316724383738, 0.00034619239158928394, 0), (2.0599679946899414, 146.34799194335938, 7.046362400054932, 1) ), ( (-0.00004626920053851791, 0.9995763897895813, 0.029100939631462097, 0), (-0.0003569249820429832, -0.029100928455591202, 0.999576210975647, 0), (0.9999999403953552, 0.000035862747608916834, 0.00035811978159472346, 0), (2.0599679946899414, 146.34799194335938, 7.046362400054932, 1) ), ( (0.99747633934021, 0.0004075000179000199, -0.07098992168903351, 0), (-0.000037992143916198984, 0.9999861717224121, 0.005198513623327017, 0), (0.07099165767431259, -0.005182170309126377, 0.9974631667137146, 0), (2.0558388233184814, 155.98828125, 17.610973358154297, 1) ), ( (0.9975320100784302, -0.00199723057448864, 0.07018818706274033, 0), (0.0015936483396217227, 0.9999821782112122, 0.005801532417535782, 0), (-0.07019888609647751, -0.005675722379237413, 0.9975171089172363, 0), (-3.557603359222412, 155.98806762695312, 17.608959197998047, 1) ), ( (0.9975320100784302, -0.0019972329027950764, 0.07018820196390152, 0), (0.0015936482232064009, 0.9999820590019226, 0.0058015985414385796, 0), (-0.0701989009976387, -0.005675722379237413, 0.9975171089172363, 0), (-3.557603359222412, 155.98805236816406, 17.608957290649414, 1) ), ( (0.997581422328949, 0.002068603876978159, -0.06947577744722366, 0), (-0.0016695271478965878, 0.9999818205833435, 0.005800903774797916, 0), (0.06948651373386383, -0.005671048071235418, 0.9975669384002686, 0), (7.66912317276001, 155.98846435546875, 17.61298179626465, 1) ), ( (0.997581422328949, 0.002068605273962021, -0.06947576254606247, 0), (-0.0016695276135578752, 0.9999818205833435, 0.005800903774797916, 0), (0.06948650628328323, -0.005671012680977583, 0.997566819190979, 0), (7.669124126434326, 155.98843383789062, 17.61297607421875, 1) ), ( (0.9504189491271973, 0.1581280380487442, 0.267766535282135, 0), (0.2577357292175293, 0.08124362677335739, -0.9627936482429504, 0), (-0.1739988625049591, 0.9840707778930664, 0.0364602729678154, 0), (-3.0698165893554688, 124.70069885253906, 5.465813636779785, 1) ), ( (0.9992955327033997, 0.03736612945795059, 0.003519707592204213, 0), (0.001018934533931315, 0.0667380765080452, -0.9977698922157288, 0), (-0.03751763701438904, 0.9970703721046448, 0.06665300577878952, 0), (-23.032150268554688, 121.37960815429688, -0.15827274322509766, 1) ), ( (0.981010377407074, 0.049450621008872986, -0.18754564225673676, 0), (-0.19029222428798676, 0.05835096538066864, -0.979991614818573, 0), (-0.03751765936613083, 0.9970704913139343, 0.06665300577878952, 0), (-55.80706787109375, 120.15467834472656, -0.2737044095993042, 1) ), ( (0.9810103178024292, 0.049450695514678955, -0.18754562735557556, 0), (-0.19029223918914795, 0.05835100635886192, -0.9799917340278625, 0), (-0.0375177338719368, 0.9970704913139343, 0.0666530430316925, 0), (-55.807064056396484, 120.1546630859375, -0.2737020254135132, 1) ), ( (0.9810103178024292, 0.049450695514678955, -0.18754562735557556, 0), (-0.19029223918914795, 0.05835100635886192, -0.9799917340278625, 0), (-0.0375177338719368, 0.9970704913139343, 0.0666530430316925, 0), (-68.32310485839844, 119.52323913574219, 2.119011163711548, 1) ), ( (0.9810103178024292, 0.049450695514678955, -0.18754562735557556, 0), (-0.19029223918914795, 0.05835100635886192, -0.9799917340278625, 0), (-0.0375177338719368, 0.9970704913139343, 0.0666530430316925, 0), (-78.97538757324219, 118.98686218261719, 4.155542373657227, 1) ), ( (0.9810103178024292, 0.049450695514678955, -0.18754562735557556, 0), (-0.19029223918914795, 0.05835100635886192, -0.9799917340278625, 0), (-0.0375177338719368, 0.9970704913139343, 0.0666530430316925, 0), (-84.98939514160156, 118.68350219726562, 5.305253028869629, 1) ), ( (0.9859508872032166, 0.013155609369277954, -0.1665153205394745, 0), (-0.003038572845980525, 0.9981414079666138, 0.06086651608347893, 0), (0.16700652241706848, -0.05950535461306572, 0.984158456325531, 0), (-84.98939514160156, 118.68350219726562, 5.305253028869629, 1) ), ( (0.9372468590736389, 0.13898509740829468, -0.3197675049304962, 0), (-0.12176693230867386, 0.9898462891578674, 0.07332867383956909, 0), (0.32671234011650085, -0.029789872467517853, 0.9446542859077454, 0), (-89.53251647949219, 117.35612487792969, 8.140946388244629, 1) ), ( (0.9566147923469543, 0.16002923250198364, -0.24347171187400818, 0), (-0.1416020691394806, 0.9856849312782288, 0.09150828421115875, 0), (0.25463026762008667, -0.05306201055645943, 0.9655816555023193, 0), (-100.25601196289062, 116.74288177490234, 11.676384925842285, 1) ), ( (0.9498728513717651, 0.21518290042877197, -0.22680050134658813, 0), (-0.20825323462486267, 0.9765639901161194, 0.05434609577059746, 0), (0.23317953944206238, -0.004389816429466009, 0.972423791885376, 0), (-106.64945220947266, 115.67340087890625, 13.303609848022461, 1) ), ( (0.9815048575401306, 0.07296939939260483, -0.17698438465595245, 0), (-0.07527607679367065, 0.9971427321434021, -0.006345497444272041, 0), (0.1760154664516449, 0.019550912082195282, 0.9841931462287903, 0), (-111.10665893554688, 114.66361236572266, 14.367843627929688, 1) ), ( (0.9784724116325378, 0.11032909899950027, -0.17441166937351227, 0), (-0.09821753203868866, 0.9922096133232117, 0.07663694769144058, 0), (0.18150830268859863, -0.05785675719380379, 0.9816858768463135, 0), (-90.07035827636719, 117.80583190917969, 6.498708248138428, 1) ), ( (0.9810318350791931, 0.162772536277771, -0.1052694320678711, 0), (-0.1628754585981369, 0.9866167306900024, 0.007675947155803442, 0), (0.10510999709367752, 0.009615542367100716, 0.9944143295288086, 0), (-100.83451080322266, 117.69502258300781, 8.239784240722656, 1) ), ( (0.9732555150985718, 0.2081616222858429, -0.09717412292957306, 0), (-0.21011626720428467, 0.9776231050491333, -0.010221334174275398, 0), (0.09287188202142715, 0.030365902930498123, 0.9952149391174316, 0), (-108.10791015625, 116.48818969726562, 9.020238876342773, 1.0000001192092896) ), ( (0.9938125014305115, 0.07406626641750336, -0.0827697291970253, 0), (-0.081557996571064, 0.9924932718276978, -0.0911354124546051, 0), (0.07539832592010498, 0.09732210636138916, 0.992392897605896, 0), (-113.1364974975586, 115.41264343261719, 9.522332191467285, 1) ), ( (0.9859510064125061, 0.013155373744666576, -0.1665152758359909, 0), (-0.0030344780534505844, 0.9981399774551392, 0.06088905408978462, 0), (0.16700652241706848, -0.05952826142311096, 0.984157145023346, 0), (-84.86378479003906, 118.51687622070312, 5.28869104385376, 1) ), ( (0.9902783036231995, 0.09031283110380173, 0.10579540580511093, 0), (-0.04824495315551758, 0.9363516569137573, -0.3477329909801483, 0), (-0.13046646118164062, 0.3392483592033386, 0.9316056966781616, 0), (-90.33074188232422, 117.27694702148438, 2.7263693809509277, 1) ), ( (0.958797812461853, 0.16566026210784912, 0.2307877391576767, 0), (-0.13540785014629364, 0.980652391910553, -0.14136910438537598, 0), (-0.24974170327186584, 0.10429402440786362, 0.962679386138916, 0), (-99.19651794433594, 116.4683837890625, 1.7795650959014893, 1) ), ( (0.9364207983016968, 0.15117506682872772, 0.3166424334049225, 0), (-0.08795943111181259, 0.9747491478919983, -0.20524939894676208, 0), (-0.33967533707618713, 0.16434809565544128, 0.9260727167129517, 0), (-104.59473419189453, 115.53564453125, 0.4801783561706543, 1) ), ( (0.9683908820152283, 0.08742289245128632, 0.23361633718013763, 0), (-0.042506732046604156, 0.9807088375091553, -0.19079647958278656, 0), (-0.2457895427942276, 0.1748354136943817, 0.9534257650375366, 0), (-108.44242095947266, 114.9144287109375, -0.8209012746810913, 1) ), ( (0.9903433322906494, 0.1333254724740982, -0.03800465166568756, 0), (-0.12959609925746918, 0.9876717329025269, 0.08780427277088165, 0), (0.04924264922738075, -0.08203106373548508, 0.9954125285148621, 0), (-90.30597686767578, 117.66554260253906, 4.735437870025635, 1) ), ( (0.9850450158119202, 0.15739932656288147, 0.07008654624223709, 0), (-0.15049771964550018, 0.9840564727783203, -0.09477946162223816, 0), (-0.08388733118772507, 0.08281423151493073, 0.9930281639099121, 0), (-100.326416015625, 117.24113464355469, 4.963770866394043, 1) ), ( (0.973796546459198, 0.21764720976352692, 0.06595253944396973, 0), (-0.20441192388534546, 0.9647701382637024, -0.16563212871551514, 0), (-0.0996784120798111, 0.14781054854393005, 0.9839796423912048, 0), (-107.06372833251953, 116.16464233398438, 4.484414577484131, 1) ), ( (0.9869819283485413, 0.15994609892368317, 0.016867849975824356, 0), (-0.15479038655757904, 0.9731392860412598, -0.17041030526161194, 0), (-0.04367130994796753, 0.16558094322681427, 0.985228955745697, 0), (-111.95613098144531, 115.07118225097656, 4.153050899505615, 1) ), ( (0.2519206702709198, 0.43642115592956543, -0.86375492811203, 0), (0.4795066714286804, 0.7189838290214539, 0.5031260251998901, 0), (0.8406004905700684, -0.5409241318702698, -0.028139976784586906, 0), (-87.49153137207031, 116.70345306396484, 7.179505348205566, 1) ), ( (0.34372371435165405, 0.5036642551422119, -0.7925758361816406, 0), (0.8974800109863281, 0.07220741361379623, 0.4351043105125427, 0), (0.27637606859207153, -0.8608765602111816, -0.4272089898586273, 0), (-88.98123168945312, 114.12261962890625, 12.287190437316895, 1) ), ( (0.2993661165237427, 0.3541957139968872, -0.8859601616859436, 0), (0.8750704526901245, 0.26818153262138367, 0.402902215719223, 0), (0.3803041875362396, -0.8958930373191833, -0.22966186702251434, 0), (-91.00642395019531, 111.15496826171875, 16.95711898803711, 1) ), ( (0.19802738726139069, 0.45279914140701294, -0.8693438172340393, 0), (0.9462283253669739, 0.14315259456634521, 0.2901020348072052, 0), (0.255806565284729, -0.880045473575592, -0.4001030921936035, 0), (-92.82649230957031, 109.00181579589844, 22.343111038208008, 1) ), ( (0.9992954134941101, 0.037366125732660294, 0.0035197350662201643, 0), (0.0010189060121774673, 0.066738061606884, -0.9977698922157288, 0), (-0.037517644464969635, 0.9970704913139343, 0.06665299832820892, 0), (-36.857566833496094, 120.86315155029297, -0.20695900917053223, 1) ), ( (0.9992954134941101, 0.037366125732660294, 0.0035197350662201643, 0), (0.0010189060121774673, 0.066738061606884, -0.9977698922157288, 0), (-0.037517644464969635, 0.9970704913139343, 0.06665299832820892, 0), (-45.940818786621094, 120.5230712890625, -0.2389606237411499, 1) ), ( (0.9992954134941101, 0.037366125732660294, 0.0035197350662201643, 0), (0.0010189060121774673, 0.066738061606884, -0.9977698922157288, 0), (-0.037517644464969635, 0.9970704913139343, 0.06665299832820892, 0), (-55.80706787109375, 120.15467834472656, -0.2737044095993042, 1) ), ( (0.003464839421212673, -0.9987146854400635, 0.05056788772344589, 0), (0.00023032599710859358, -0.050567399710416794, -0.9987207055091858, 0), (0.9999939799308777, 0.0034720534458756447, 0.00005482149572344497, 0), (19.89337158203125, 67.57801818847656, 1.4809930324554443, 1) ), ( (0.003472487209364772, -0.9998619556427002, -0.01624343730509281, 0), (-0.0000015837223372727749, 0.016243532299995422, -0.9998679757118225, 0), (0.9999939203262329, 0.003472054610028863, 0.00005482134292833507, 0), (20.012622833251953, 33.2049446105957, 3.2214043140411377, 1) ), ( (0.0896821916103363, -0.9949706196784973, 0.04461858421564102, 0), (0.19834518432617188, 0.061743833124637604, 0.97818523645401, 0), (-0.9760203957557678, -0.07887593656778336, 0.20288494229316711, 0), (20.108022689819336, 5.734321594238281, 2.775123119354248, 1) ), ( (0.19834619760513306, 0.061743736267089844, 0.9781848788261414, 0), (0.08968216180801392, -0.994970440864563, 0.04461846128106117, 0), (0.9760202169418335, 0.07887586951255798, -0.20288589596748352, 0), (23.892576217651367, 1.6494903564453125, 19.39345359802246, 1) ), ( (0.19834721088409424, 0.06174381822347641, 0.9781848192214966, 0), (0.08968187123537064, -0.9949705600738525, 0.044618528336286545, 0), (0.9760200381278992, 0.07887549698352814, -0.2028869390487671, 0), (24.617525100708008, 1.8751754760742188, 22.96867561340332, 1) ), ( (0.08921465277671814, -0.9951127171516418, 0.04232598468661308, 0), (0.19855442643165588, 0.05941134691238403, 0.9782871603965759, 0), (-0.9760206937789917, -0.07887358963489532, 0.20288440585136414, 0), (20.10802459716797, 5.734336853027344, 2.775122880935669, 1) ), ( (0.0034712159540504217, -0.9999052882194519, -0.013319983147084713, 0), (0.000009206953109242022, 0.013320102356374264, -0.9999113082885742, 0), (0.9999939799308777, 0.0034707856830209494, 0.00005544247687794268, 0), (20.012624740600586, 33.20572280883789, 3.2214083671569824, 1) ), ( (0.0034709498286247253, -0.9998620748519897, -0.01624343730509281, 0), (-0.06595613807439804, 0.01597926765680313, -0.9976945519447327, 0), (0.9978163838386536, 0.0045343018136918545, -0.0658915713429451, 0), (20.101543426513672, 21.03237533569336, 2.986137866973877, 1) ), ( (0.0034684520214796066, -0.9998620748519897, -0.01624343730509281, 0), (-0.13162346184253693, 0.015645736828446388, -0.9911763072013855, 0), (0.9912937879562378, 0.005575864110141993, -0.13155105710029602, 0), (20.128108978271484, 13.383720397949219, 2.8618788719177246, 1) ), ( (0.0034676697105169296, -0.9998620748519897, -0.01624343730509281, 0), (-0.19867819547653198, 0.015230841934680939, -0.979946494102478, 0), (0.9800586700439453, 0.006625345908105373, -0.1985979974269867, 0), (20.15467643737793, 5.735084533691406, 2.737617015838623, 1) ), ( (0.003463689237833023, -0.9987145662307739, 0.050567880272865295, 0), (0.00023075254284776747, -0.0505673922598362, -0.998720645904541, 0), (0.9999939203262329, 0.0034709260798990726, 0.000055305634305113927, 0), (20.004112243652344, 62.55521011352539, 1.776892900466919, 1) ), ( (0.003461839398369193, -0.9987145662307739, 0.050567880272865295, 0), (0.0002303260116605088, -0.0505673922598362, -0.998720645904541, 0), (0.9999939203262329, 0.003469057148322463, 0.00005497318852576427, 0), (20.045095443725586, 50.74405288696289, 2.374927282333374, 1) ), ( (0.0034621492959558964, -0.9987145662307739, 0.050567880272865295, 0), (0.00023159830016084015, -0.0505673885345459, -0.998720645904541, 0), (0.9999939203262329, 0.0034694308415055275, 0.00005622819298878312, 0), (20.051042556762695, 35.57928466796875, 3.121978759765625, 1) ), ( (0.0035075396299362183, 0.9987145066261292, -0.05056750401854515, 0), (0.0001224945008289069, 0.0505673922598362, 0.998720645904541, 0), (0.9999938607215881, -0.0035092467442154884, 0.000055029526265570894, 0), (-15.771697998046875, 67.57866668701172, 1.479034185409546, 1) ), ( (0.003507891669869423, 0.9998618960380554, 0.016243815422058105, 0), (-0.00011202618043171242, -0.01624351181089878, 0.9998680949211121, 0), (0.9999938607215881, -0.0035092481411993504, 0.00005502966450876556, 0), (-15.89242935180664, 33.20558166503906, 3.2194323539733887, 1) ), ( (0.0897240936756134, 0.9949672222137451, -0.04460873082280159, 0), (0.19845037162303925, -0.06175119802355766, -0.9781634211540222, 0), (-0.9759950637817383, 0.07891223579645157, -0.20299217104911804, 0), (-15.988794326782227, 5.734992980957031, 2.7731409072875977, 1) ), ( (0.19845137000083923, -0.0617511086165905, -0.9781630635261536, 0), (0.08972407877445221, 0.9949671030044556, -0.04460860416293144, 0), (0.9759950041770935, -0.0789121761918068, 0.20299316942691803, 0), (-19.77533531188965, 1.65032958984375, 19.391048431396484, 1) ), ( (0.19845135509967804, -0.0617511086165905, -0.9781631231307983, 0), (0.08972440659999847, 0.9949672222137451, -0.04460854455828667, 0), (0.9759948253631592, -0.07891251891851425, 0.20299316942691803, 0), (-20.500652313232422, 1.8759765625, 22.966161727905273, 1) ), ( (0.08925634622573853, 0.9951093792915344, -0.04231618344783783, 0), (0.19865968823432922, -0.05941873788833618, -0.9782654643058777, 0), (-0.9759954810142517, 0.07890988141298294, -0.20299164950847626, 0), (-15.988798141479492, 5.735008239746094, 2.7731401920318604, 1) ), ( (0.0035069426521658897, 0.9999051690101624, 0.013320370577275753, 0), (-0.00010113111056853086, -0.013320090249180794, 0.9999113082885742, 0), (0.9999938607215881, -0.0035079787485301495, 0.00005440815584734082, 0), (-15.892425537109375, 33.206363677978516, 3.2194366455078125, 1) ), ( (0.0035078939981758595, 0.9998618960380554, 0.016243815422058105, 0), (-0.06606634706258774, -0.015976695343852043, 0.9976873397827148, 0), (0.9978090524673462, -0.004572949837893248, 0.06600116938352585, 0), (-15.981781005859375, 21.033058166503906, 2.9841556549072266, 1) ), ( (0.0035078914370387793, 0.9998618960380554, 0.01624380797147751, 0), (-0.13173295557498932, -0.015640296041965485, 0.9911618828773499, 0), (0.9912790656089783, -0.005616733804345131, 0.1316598802804947, 0), (-16.00861167907715, 13.384422302246094, 2.859893560409546, 1) ), ( (0.0035078939981758595, 0.9998618960380554, 0.01624380797147751, 0), (-0.1987864226102829, -0.015222495421767235, 0.9799247980117798, 0), (0.9800366163253784, -0.006666520610451698, 0.1987055540084839, 0), (-16.03544044494629, 5.735748291015625, 2.7356293201446533, 1) ), ( (0.0035075396299362183, 0.9987145066261292, -0.05056750401854515, 0), (0.00012292123574297875, 0.050567395985126495, 0.9987207651138306, 0), (0.9999938607215881, -0.0035092681646347046, 0.000054603366152150556, 0), (-15.882675170898438, 62.55581283569336, 1.7749242782592773, 1) ), ( (0.0035075396299362183, 0.9987145066261292, -0.05056750401854515, 0), (0.00012249452993273735, 0.050567395985126495, 0.9987207651138306, 0), (0.9999938607215881, -0.0035092467442154884, 0.000055029526265570894, 0), (-15.924154281616211, 50.74465560913086, 2.3729536533355713, 1) ), ( (0.0035075396299362183, 0.9987145066261292, -0.05056750401854515, 0), (0.00012376689119264483, 0.0505673922598362, 0.9987207651138306, 0), (0.9999938607215881, -0.0035093107726424932, 0.000053758783906232566, 0), (-15.930747985839844, 35.579917907714844, 3.1200032234191895, 1) )]
