#usda 1.0
(
    endTimeCode = 18
    framesPerSecond = 30
    startTimeCode = 0
    timeCodesPerSecond = 30
)

def SkelRoot "SkelRoot"
{
    def Skeleton "Skeleton" (
        prepend apiSchemas = ["SkelBindingAPI"]
    )
    {
        uniform matrix4d[] bindTransforms = [( (1, 0, -0.0000014040041378393653, 0), (0, 1, 0, 0), (0.0000014040041378393653, 0, 1, 0), (0.012997031211853027, 0, -1.9071311950683594, 1) ), ( (-0.0000019073499970545527, 1, -9.536716447655635e-7, 0), (0.0000014040041378393653, 9.5367431640625e-7, 1, 0), (1, 0.0000019073486328125, -0.0000014040041378393653, 0), (0.012999345548450947, 95.25279998779297, -0.25849592685699463, 1) ), ( (-0.0000024642931748530827, 0.9999337196350098, -0.011513757519423962, 0), (0.0000014249285413825419, 0.011513757519423962, 0.9999337196350098, 0), (1, 0.0000024477235456288327, -0.0000014532055274685263, 0), (0.012996427714824677, 96.7825698852539, -0.25849735736846924, 1) ), ( (-0.000003423940370339551, 0.9995579719543457, -0.029730571433901787, 0), (0.000002677978727660957, 0.029730573296546936, 0.9995580315589905, 0), (1, 0.0000033428091228415724, -0.0000027785881684394553, 0), (0.012967895716428757, 108.36000061035156, -0.39180588722229004, 1) ), ( (-0.000004388823072076775, 0.9997783899307251, -0.02104989066720009, 0), (0.000007918135452200659, 0.02104988694190979, 0.9997783303260803, 0), (1, 0.0000042211750042042695, -0.000008008763870748226, 0), (0.012934220023453236, 118.19107055664062, -0.6842182874679565, 1) ), ( (-0.0000048354586397181265, 0.9997989535331726, -0.02005002833902836, 0), (0.000009711020538816229, 0.020050030201673508, 0.9997989535331726, 0), (1, 0.00000463978039988433, -0.000009806018169911113, 0), (0.012886064127087593, 129.1610107421875, -0.9151862263679504, 1) ), ( (0.9505061507225037, -0.1756788045167923, -0.2562713325023651, 0), (0.2575073540210724, -0.016120947897434235, 0.9661417603492737, 0), (-0.17386198043823242, -0.9843156337738037, 0.029915520921349525, 0), (4.442943096160889, 141.32962036132812, -0.4012777805328369, 1) ), ( (0.9993009567260742, -0.03737204894423485, -0.0007542307139374316, 0), (0.0007799899904057384, 0.0006716953357681632, 0.9999993443489075, 0), (-0.03737156093120575, -0.9993011951446533, 0.0007003691280260682, 0), (21.738994598388672, 138.13279724121094, -5.064562797546387, 1) ), ( (0.9894766807556152, -0.03690601512789726, 0.13990557193756104, 0), (-0.1397819221019745, 0.0059214867651462555, 0.9901644587516785, 0), (-0.03737156465649605, -0.9993013143539429, 0.0007003644714131951, 0), (51.23511505126953, 137.0297393798828, -5.086828231811523, 1) ), ( (0.9894766807556152, -0.03690614923834801, 0.13990561664104462, 0), (-0.1397819221019745, 0.0059215049259364605, 0.990164577960968, 0), (-0.037371695041656494, -0.9993011951446533, 0.0007003635400906205, 0), (51.23511505126953, 137.0297393798828, -5.086827278137207, 1) ), ( (0.9894766807556152, -0.03690614923834801, 0.13990561664104462, 0), (-0.1397819221019745, 0.0059215049259364605, 0.990164577960968, 0), (-0.037371695041656494, -0.9993011951446533, 0.0007003635400906205, 0), (62.20656967163086, 136.62051391601562, -3.5355329513549805, 1) ), ( (0.9894766807556152, -0.03690614923834801, 0.13990561664104462, 0), (-0.1397819221019745, 0.0059215049259364605, 0.990164577960968, 0), (-0.037371695041656494, -0.9993011951446533, 0.0007003635400906205, 0), (71.74523162841797, 136.26473999023438, -2.186830997467041, 1) ), ( (0.9894766807556152, -0.03690614923834801, 0.13990561664104462, 0), (-0.1397819221019745, 0.0059215049259364605, 0.990164577960968, 0), (-0.037371695041656494, -0.9993011951446533, 0.0007003635400906205, 0), (77.81727600097656, 136.0382843017578, -1.3282835483551025, 1) ), ( (0.9932096600532532, -0.0020654064137488604, 0.11632148921489716, 0), (-0.00263839028775692, -0.9999851584434509, 0.004771626554429531, 0), (0.11630978435277939, -0.005046176258474588, -0.9932005405426025, 0), (77.81727600097656, 136.0382843017578, -1.3282835483551025, 1) ), ( (0.9528387188911438, -0.11759644001722336, 0.27976611256599426, 0), (-0.12187673896551132, -0.9925430417060852, -0.0021112682297825813, 0), (0.27792829275131226, -0.032085344195365906, -0.9600655436515808, 0), (81.89041137695312, 135.04930114746094, 1.001086711883545, 1) ), ( (0.8460312485694885, -0.10418760776519775, 0.522853672504425, 0), (-0.0560939759016037, -0.9926710724830627, -0.10704108327627182, 0), (0.5301738381385803, 0.06123118847608566, -0.8456751108169556, 0), (91.45481872558594, 134.70819091796875, 3.649601936340332, 0.9999999403953552) ), ( (0.853003740310669, -0.11005927622318268, 0.510168194770813, 0), (-0.08857040107250214, -0.9938598871231079, -0.06631670147180557, 0), (0.5143346786499023, 0.01138253603130579, -0.8575140833854675, 0), (96.4125747680664, 134.09765625, 6.713521957397461, 1) ), ( (0.8845651149749756, 0.03388276323676109, 0.46518439054489136, 0), (0.021302184090018272, -0.9992523789405823, 0.032275717705488205, 0), (0.46592977643013, -0.018640534952282906, -0.884625256061554, 0), (99.93511962890625, 133.64312744140625, 8.820308685302734, 1) ), ( (0.9864851236343384, -0.0985143855214119, 0.13092802464962006, 0), (-0.09851889312267303, -0.995114266872406, -0.006459242198616266, 0), (0.13092465698719025, -0.006526983343064785, -0.9913707971572876, 0), (82.28291320800781, 135.3458709716797, -0.47081613540649414, 1) ), ( (0.9916768670082092, -0.11135853081941605, 0.06462202966213226, 0), (-0.11435616761445999, -0.9924339652061462, 0.0446956604719162, 0), (0.059155821800231934, -0.05171363055706024, -0.9969083070755005, 0), (91.80490112304688, 135.34030151367188, 0.5778965950012207, 1) ), ( (0.9857969880104065, -0.15725095570087433, 0.05895748361945152, 0), (-0.160955548286438, -0.9848546385765076, 0.06445632129907608, 0), (0.04792865738272667, -0.07303046435117722, -0.9961775541305542, 0), (98.24586486816406, 134.61700439453125, 0.9976334571838379, 1) ), ( (0.9994228482246399, 0.006786192301660776, 0.03330443054437637, 0), (0.0020347770769149065, -0.9900538325309753, 0.14067578315734863, 0), (0.03392776474356651, -0.14052680134773254, -0.9894956350326538, 0), (102.7232666015625, 133.9027862548828, 1.265394926071167, 1) ), ( (0.9932092428207397, -0.0020700336899608374, 0.11632422357797623, 0), (-0.0026456150226294994, -0.9999850392341614, 0.004793268162757158, 0), (0.11631250381469727, -0.005068507511168718, -0.9931994676589966, 0), (77.70801544189453, 135.89273071289062, -1.3275713920593262, 1) ), ( (0.9838926792144775, -0.09688939154148102, -0.1502244621515274, 0), (-0.027132097631692886, -0.9115768074989319, 0.4102332592010498, 0), (-0.17668847739696503, -0.39954954385757446, -0.8995228409767151, 0), (82.34313201904297, 134.6725311279297, -3.719738483428955, 1) ), ( (0.7304205894470215, -0.24939770996570587, -0.6358356475830078, 0), (-0.1464681476354599, -0.9664865732192993, 0.21083466708660126, 0), (-0.6671078205108643, -0.06086844578385353, -0.7424699664115906, 0), (90.09978485107422, 133.90867614746094, -4.903743743896484, 1) ), ( (0.673036515712738, -0.23100361227989197, -0.7026086449623108, 0), (-0.07482115924358368, -0.9663649797439575, 0.24604947865009308, 0), (-0.7358148694038391, -0.11303040385246277, -0.6676835417747498, 0), (93.7114486694336, 132.6754913330078, -8.047688484191895, 1) ), ( (0.7448704838752747, -0.17210765182971954, -0.6446292400360107, 0), (-0.04152824729681015, -0.9762436747550964, 0.21265855431556702, 0), (-0.6659154295921326, -0.13163277506828308, -0.734322190284729, 0), (96.14950561523438, 131.83871459960938, -10.592897415161133, 1) ), ( (0.9914540648460388, -0.1303924024105072, -0.004111751448363066, 0), (-0.13044267892837524, -0.9913221001625061, -0.016278227791190147, 0), (-0.0019535331521183252, 0.016675392165780067, -0.999859094619751, 0), (82.40962982177734, 135.1239471435547, -2.0005836486816406, 1) ), ( (0.9302250742912292, -0.1407461315393448, -0.33892789483070374, 0), (-0.12277307361364365, -0.9896712899208069, 0.07401518523693085, 0), (-0.345844566822052, -0.027239590883255005, -0.9378965497016907, 0), (91.22032165527344, 134.75698852539062, -2.2250070571899414, 1) ), ( (0.9203245639801025, -0.20113220810890198, -0.33548247814178467, 0), (-0.15565910935401917, -0.975154459476471, 0.1576181948184967, 0), (-0.35884925723075867, -0.0928390771150589, -0.9287671446800232, 0), (96.7977066040039, 133.9130859375, -4.257143020629883, 1) ), ( (0.9462987184524536, -0.1460455358028412, -0.28842490911483765, 0), (-0.10647975653409958, -0.9831663370132446, 0.14848028123378754, 0), (-0.3052544891834259, -0.10979533195495605, -0.9459198713302612, 0), (100.86360931396484, 133.02455139160156, -5.739259243011475, 1) ), ( (0.12951497733592987, -0.39242932200431824, 0.9106180667877197, 0), (0.49951812624931335, -0.7674912214279175, -0.40179443359375, 0), (0.8565672636032104, 0.5069087743759155, 0.096623994410038, 0), (80.07808685302734, 134.42819213867188, 0.2962629795074463, 1) ), ( (0.238427072763443, -0.44613707065582275, 0.8626202940940857, 0), (0.8979110717773438, -0.23714816570281982, -0.370831698179245, 0), (0.370010644197464, 0.8629728555679321, 0.3440491259098053, 0), (80.75702667236328, 132.3711395263672, 5.069622039794922, 0.9999998807907104) ), ( (0.2714945375919342, -0.3122754693031311, 0.9103708863258362, 0), (0.8305981755256653, -0.4018278419971466, -0.3855395019054413, 0), (0.486206978559494, 0.8608243465423584, 0.15028144419193268, 0), (81.99020385742188, 130.06358337402344, 9.531340599060059, 1) ), ( (0.11486192792654037, -0.3855457007884979, 0.9155113697052002, 0), (0.924399197101593, -0.2959582507610321, -0.24061283469200134, 0), (0.36372044682502747, 0.8739354610443115, 0.32240402698516846, 0), (83.43863677978516, 128.39761352539062, 14.38809585571289, 1) ), ( (0.9993010759353638, -0.03737206384539604, -0.0007542604580521584, 0), (0.0007799773011356592, 0.000671711633913219, 0.999999463558197, 0), (-0.037371549755334854, -0.9993013143539429, 0.000700379372574389, 0), (33.755558013916016, 137.68344116210938, -5.073633193969727, 1) ), ( (0.9993010759353638, -0.03737206384539604, -0.0007542604580521584, 0), (0.0007799773011356592, 0.000671711633913219, 0.999999463558197, 0), (-0.037371549755334854, -0.9993013143539429, 0.000700379372574389, 0), (42.154598236083984, 137.36932373046875, -5.079972267150879, 1) ), ( (0.9993010759353638, -0.03737206384539604, -0.0007542604580521584, 0), (0.0007799773011356592, 0.000671711633913219, 0.999999463558197, 0), (-0.037371549755334854, -0.9993013143539429, 0.000700379372574389, 0), (51.23511505126953, 137.0297393798828, -5.086828231811523, 1) ), ( (-0.0000028346207727736328, 0.9720317721366882, 0.23484905064105988, 0), (0.00001067564789991593, -0.23484908044338226, 0.9720318913459778, 0), (1, 0.000005262507329462096, -0.000009711360689834692, 0), (0.012786743231117725, 144.51290893554688, -3.7850770950317383, 1) ), ( (-0.000002888859398808563, 0.9720318913459778, 0.23484908044338226, 0), (0.00001093850369215943, -0.23484911024570465, 0.9720320105552673, 0), (1, 0.000005376959961722605, -0.000009954124834621325, 0), (0.012761562131345272, 153.1472930908203, -1.698956847190857, 1) ), ( (-0.0000028888589440612122, 0.9720318913459778, 0.23484908044338226, 0), (0.000012496037925302517, -0.23484911024570465, 0.9720320105552673, 0), (1, 0.000005742745543102501, -0.0000114680997285177, 0), (0.012747189030051231, 158.07571411132812, -0.5082204341888428, 1) ), ( (-0.000004992914909962565, 0.9999999403953552, -0.00003775182631216012, 0), (0.00000801693840912776, 0.00003777590245590545, 1, 0), (1, 0.000004992612048226874, -0.000008017123946046922, 0), (0.012747189030051231, 158.07571411132812, -0.5082204341888428, 1) ), ( (0.9974502325057983, -0.0017024058615788817, -0.07133565098047256, 0), (-0.0000054513443501491565, 0.9997128248214722, -0.02394196391105652, 0), (0.07135654240846634, 0.02388184517621994, 0.9971644282341003, 0), (0.0127756642177701, 166.71804809570312, 8.425488471984863, 1) ), ( (0.9975576996803284, 0.000007622125849593431, 0.0698525458574295, 0), (0.0016264092409983277, 0.9997267127037048, -0.02333960309624672, 0), (-0.06983398646116257, 0.023395895957946777, 0.9972848296165466, 0), (-4.865886688232422, 166.71804809570312, 8.425527572631836, 1) ), ( (0.9975576400756836, 0.0000076183696364751086, 0.0698525533080101, 0), (0.0016264093574136496, 0.9997265338897705, -0.023339586332440376, 0), (-0.06983398646116257, 0.02339586429297924, 0.9972847104072571, 0), (-4.865887641906738, 166.71807861328125, 8.425522804260254, 1) ), ( (0.9975559115409851, 0.0000021076818939036457, -0.06987060606479645, 0), (-0.0016367662465199828, 0.9997264742851257, -0.023339077830314636, 0), (0.06985140591859818, 0.023396313190460205, 0.9972831010818481, 0), (4.891302585601807, 166.71807861328125, 8.425451278686523, 1) ), ( (0.9975560307502747, 0.000002105850171574275, -0.06987061351537704, 0), (-0.0016367663629353046, 0.9997263550758362, -0.023339077830314636, 0), (0.06985140591859818, 0.023396281525492668, 0.9972829818725586, 0), (4.891303062438965, 166.7180938720703, 8.425445556640625, 1) ), ( (0.9505094289779663, 0.17568746209144592, 0.25625261664390564, 0), (0.25748828053474426, 0.016123415902256966, -0.96614670753479, 0), (-0.17387139797210693, 0.9843137264251709, -0.029911959543824196, 0), (-4.417280673980713, 141.32925415039062, -0.40118587017059326, 1) ), ( (0.9993008971214294, 0.03738122805953026, 0.0007347188075073063, 0), (0.0007603169651702046, -0.000671589863486588, -0.9999991655349731, 0), (-0.03738049790263176, 0.9993008375167847, -0.0006995033472776413, 0), (-21.713361740112305, 138.13247680664062, -5.064131736755371, 1) ), ( (0.9894736409187317, 0.03691514581441879, -0.13992495834827423, 0), (-0.1398012936115265, -0.005922666750848293, -0.9901617765426636, 0), (-0.037380512803792953, 0.9993008375167847, -0.0006994903087615967, 0), (-51.209083557128906, 137.0296630859375, -5.085845947265625, 1) ), ( (0.9894736409187317, 0.03691524639725685, -0.13992486894130707, 0), (-0.13980121910572052, -0.005922653712332249, -0.990161657333374, 0), (-0.037380605936050415, 0.9993007779121399, -0.0006994521245360374, 0), (-51.209102630615234, 137.02964782714844, -5.085842609405518, 1) ), ( (0.9894736409187317, 0.03691524639725685, -0.13992486894130707, 0), (-0.13980121910572052, -0.005922653712332249, -0.990161657333374, 0), (-0.037380605936050415, 0.9993007779121399, -0.0006994521245360374, 0), (-62.180938720703125, 136.61985778808594, -3.5342912673950195, 1) ), ( (0.9894736409187317, 0.03691524639725685, -0.13992486894130707, 0), (-0.13980121910572052, -0.005922653712332249, -0.990161657333374, 0), (-0.037380605936050415, 0.9993007779121399, -0.0006994521245360374, 0), (-71.71900939941406, 136.2645263671875, -2.1854496002197266, 1) ), ( (0.9894736409187317, 0.03691524639725685, -0.13992486894130707, 0), (-0.13980121910572052, -0.005922653712332249, -0.990161657333374, 0), (-0.037380605936050415, 0.9993007779121399, -0.0006994521245360374, 0), (-77.7911148071289, 136.037841796875, -1.3267734050750732, 1) ), ( (0.9932069778442383, 0.0020745196379721165, -0.11634086072444916, 0), (-0.0026474210899323225, 0.9999849796295166, -0.004771425388753414, 0), (0.11632921546697617, 0.005047132261097431, 0.9931979775428772, 0), (-77.7911148071289, 136.037841796875, -1.3267734050750732, 1) ), ( (0.9528322219848633, 0.11760522425174713, -0.27978479862213135, 0), (-0.12188556790351868, 0.9925419688224792, 0.002113789552822709, 0), (0.2779468595981598, 0.0320877879858017, 0.9600601196289062, 0), (-81.86449432373047, 135.04856872558594, 1.0026967525482178, 1) ), ( (0.8460204005241394, 0.10419543087482452, -0.5228702425956726, 0), (-0.05610073730349541, 0.9926705956459045, 0.1070423498749733, 0), (0.5301911234855652, -0.06122640520334244, 0.8456646800041199, 0), (-91.42882537841797, 134.7073211669922, 3.651397228240967, 1) ), ( (0.8529925346374512, 0.11006713658571243, -0.5101848840713501, 0), (-0.08857801556587219, 0.9938587546348572, 0.0663185715675354, 0), (0.5143510699272156, -0.01137788500636816, 0.85750412940979, 0), (-96.38654327392578, 134.09678649902344, 6.715428352355957, 1) ), ( (0.8845561146736145, -0.03387455269694328, -0.46520164608955383, 0), (0.02129267156124115, 0.9992519617080688, -0.0322759784758091, 0), (0.4659470319747925, 0.018644699826836586, 0.8846157789230347, 0), (-99.90900421142578, 133.64218139648438, 8.822270393371582, 0.9999999403953552) ), ( (0.9864816069602966, 0.09852349758148193, -0.13094733655452728, 0), (-0.09852765500545502, 0.9951131939888, 0.006461322773247957, 0), (0.13094402849674225, 0.006528092082589865, 0.9913682341575623, 0), (-82.2571029663086, 135.34521484375, -0.4691932201385498, 1) ), ( (0.991674542427063, 0.11136768013238907, -0.06464158743619919, 0), (-0.11436587572097778, 0.9924327731132507, -0.04469325393438339, 0), (0.05917501822113991, 0.05171407014131546, 0.996907114982605, 0), (-91.77902221679688, 135.33950805664062, 0.5797066688537598, 1) ), ( (0.9857944846153259, 0.1572599709033966, -0.05897678807377815, 0), (-0.16096560657024384, 0.9848536252975464, -0.06445305794477463, 0), (0.04794757068157196, 0.07303079962730408, 0.9961766600608826, 0), (-98.2199478149414, 134.6161346435547, 0.9995636940002441, 1) ), ( (0.9994217157363892, -0.006776977330446243, -0.03332402929663658, 0), (0.002023127395659685, 0.9900535345077515, -0.14067555963993073, 0), (0.03394594416022301, 0.1405269056558609, 0.9894945621490479, 0), (-102.69734954833984, 133.90188598632812, 1.267423391342163, 1) ), ( (0.9932069778442383, 0.002074284479022026, -0.11634086817502975, 0), (-0.0026444983668625355, 0.9999852776527405, -0.00474867457523942, 0), (0.11632931232452393, 0.005024190526455641, 0.9931977987289429, 0), (-77.68186950683594, 135.89231872558594, -1.326066493988037, 1) ), ( (0.983894944190979, 0.09689836949110031, 0.1502051055431366, 0), (-0.02714831382036209, 0.9115768074989319, -0.4102325737476349, 0), (-0.17667435109615326, 0.3995479643344879, 0.8995261788368225, 0), (-82.31730651855469, 134.6718292236328, -3.718113422393799, 1) ), ( (0.7304303646087646, 0.24940425157546997, 0.6358209848403931, 0), (-0.1464809775352478, 0.9664850234985352, -0.21083153784275055, 0), (-0.6670938730239868, 0.060862112790346146, 0.7424833178520203, 0), (-90.07405090332031, 133.9079132080078, -4.901974678039551, 1) ), ( (0.6730484366416931, 0.23100969195365906, 0.7025951147079468, 0), (-0.07483458518981934, 0.9663640856742859, -0.24604777991771698, 0), (-0.735802412033081, 0.11302362382411957, 0.6676972508430481, 0), (-93.68568420410156, 132.67469787597656, -8.045863151550293, 0.9999999403953552) ), ( (0.7448813915252686, 0.17211444675922394, 0.6446146368980408, 0), (-0.041541144251823425, 0.9762434959411621, -0.21265754103660583, 0), (-0.6659026145935059, 0.13162657618522644, 0.7343355417251587, 0), (-96.12376403808594, 131.8378143310547, -10.590962409973145, 1) ), ( (0.9914528131484985, 0.13040156662464142, 0.004092241637408733, 0), (-0.13045120239257812, 0.9913210272789001, 0.016280917450785637, 0), (-0.0019337061094120145, -0.016675516963005066, 0.9998589158058167, 0), (-82.38379669189453, 135.12319946289062, -1.998955249786377, 1) ), ( (0.9302300214767456, 0.14075464010238647, 0.3389096260070801, 0), (-0.12278334051370621, 0.9896700382232666, -0.0740126371383667, 0), (-0.34582632780075073, 0.027236320078372955, 0.9379029273986816, 0), (-91.19449615478516, 134.75608825683594, -2.223207950592041, 1) ), ( (0.9203293919563293, 0.2011406123638153, 0.3354642987251282, 0), (-0.1556709259748459, 0.9751532673835754, -0.15761494636535645, 0), (-0.3588317632675171, 0.09283564984798431, 0.9287739992141724, 0), (-96.77191162109375, 133.91220092773438, -4.255218982696533, 1) ), ( (0.9463030099868774, 0.14605426788330078, 0.2884061932563782, 0), (-0.10649149119853973, 0.9831650853157043, -0.14847804605960846, 0), (-0.3052367568016052, 0.10979244858026505, 0.9459258913993835, 0), (-100.83778381347656, 133.02362060546875, -5.7372589111328125, 1) ), ( (0.12949350476264954, 0.3924304246902466, -0.910620391368866, 0), (0.49951910972595215, 0.7674961686134338, 0.4017845392227173, 0), (0.8565700054168701, -0.5069007873535156, -0.09664089977741241, 0), (-80.0522232055664, 134.42752075195312, 0.29783010482788086, 1) ), ( (0.23840612173080444, 0.44613948464393616, -0.8626248836517334, 0), (0.8979162573814392, 0.2371561974287033, 0.3708140552043915, 0), (0.37001168727874756, -0.8629693984985352, -0.34405648708343506, 0), (-80.73095703125, 132.37034606933594, 5.071227550506592, 1) ), ( (0.27147382497787476, 0.3122777044773102, -0.9103760719299316, 0), (0.8306022882461548, 0.40183550119400024, 0.38552325963974, 0), (0.4862115979194641, -0.8608197569847107, -0.15029115974903107, 0), (-81.9640884399414, 130.06280517578125, 9.532954216003418, 1) ), ( (0.1148405373096466, 0.38554710149765015, -0.9155134558677673, 0), (0.9244015216827393, 0.2959666848182678, 0.2405947744846344, 0), (0.36372196674346924, -0.8739321827888489, -0.3224112391471863, 0), (-83.41244506835938, 128.39688110351562, 14.389747619628906, 1) ), ( (0.9993008375167847, 0.03738122805953026, 0.0007347037899307907, 0), (0.0007603479898534715, -0.0006715912604704499, -0.9999992847442627, 0), (-0.03738049790263176, 0.9993008375167847, -0.0006994996219873428, 0), (-33.72943878173828, 137.68345642089844, -5.072986602783203, 1) ), ( (0.9993008375167847, 0.03738122805953026, 0.0007347037899307907, 0), (0.0007603479898534715, -0.0006715912604704499, -0.9999992847442627, 0), (-0.03738049790263176, 0.9993008375167847, -0.0006994996219873428, 0), (-42.12899398803711, 137.36888122558594, -5.079145908355713, 1) ), ( (0.9993008375167847, 0.03738122805953026, 0.0007347037899307907, 0), (0.0007603479898534715, -0.0006715912604704499, -0.9999992847442627, 0), (-0.03738049790263176, 0.9993008375167847, -0.0006994996219873428, 0), (-51.209083557128906, 137.0296630859375, -5.085845947265625, 1) ), ( (0.0034900319296866655, -0.9992861151695251, -0.0376209020614624, 0), (-0.00013279948325362056, 0.0376206673681736, -0.9992921948432922, 0), (0.9999939203262329, 0.003492557443678379, -0.0000014073245893087005, 0), (19.85551643371582, 84.7984619140625, -1.6901389360427856, 1) ), ( (0.0034715591464191675, -0.9940253496170044, -0.10909555107355118, 0), (-0.000382421538233757, 0.10909488052129745, -0.9940313696861267, 0), (0.9999939203262329, 0.0034925586078315973, -0.0000014073455076868413, 0), (19.985715866088867, 47.52061080932617, -3.093567132949829, 1) ), ( (0.08988624811172485, -0.9947900176048279, -0.048094455152750015, 0), (0.19914600253105164, -0.02936243824660778, 0.979529857635498, 0), (-0.975838840007782, -0.09762410074472427, 0.1954692006111145, 0), (20.112028121948242, 11.351860046386719, -7.06313419342041, 1) ), ( (0.19914700090885162, -0.029361998662352562, 0.979529619216919, 0), (0.08988631516695023, -0.9947903752326965, -0.04809413477778435, 0), (0.9758387804031372, 0.09762410819530487, -0.19547024369239807, 0), (24.13804054260254, 2.427032470703125, 8.57848072052002, 1) ), ( (0.19914795458316803, -0.029361886903643608, 0.9795293211936951, 0), (0.08988600224256516, -0.9947900772094727, -0.048094045370817184, 0), (0.975838303565979, 0.09762382507324219, -0.19547121226787567, 0), (25.338802337646484, 2.2499923706054688, 14.484600067138672, 1) ), ( (0.08941685408353806, -0.9947190880775452, -0.05038997530937195, 0), (0.19935573637485504, -0.03169427439570427, 0.979414701461792, 0), (-0.9758392572402954, -0.09762171655893326, 0.1954689472913742, 0), (20.112028121948242, 11.351875305175781, -7.06313419342041, 1) ), ( (0.003471402218565345, -0.9943400025367737, -0.10618876665830612, 0), (-0.0003716317587532103, 0.1061880812048912, -0.9943460822105408, 0), (0.9999939203262329, 0.003491237759590149, -9.068373856280232e-7, 0), (19.985721588134766, 47.52128982543945, -3.0934996604919434, 1) ), ( (0.0034700215328484774, -0.9940253496170044, -0.10909553617238998, 0), (-0.06648194789886475, 0.10862549394369125, -0.9918572306632996, 0), (0.9977816343307495, 0.010694648139178753, -0.06570779532194138, 0), (20.07166862487793, 34.519386291503906, -4.553281307220459, 1) ), ( (0.0034675239585340023, -0.9940253496170044, -0.10909554362297058, 0), (-0.13229067623615265, 0.10768134146928787, -0.9853447675704956, 0), (0.9912048578262329, 0.0178490299731493, -0.13112688064575195, 0), (20.11211585998535, 22.937469482421875, -5.824411869049072, 1) ), ( (0.0034667416475713253, -0.9940253496170044, -0.10909554362297058, 0), (-0.19948537647724152, 0.10621597617864609, -0.9741273522377014, 0), (0.9798946380615234, 0.025140002369880676, -0.19792526960372925, 0), (20.152565002441406, 11.355560302734375, -7.09554386138916, 1) ), ( (0.0034888817463070154, -0.9992861151695251, -0.037620898336172104, 0), (-0.00013237293751444668, 0.0376206636428833, -0.9992921948432922, 0), (0.9999939203262329, 0.0034913921263068914, -0.0000010243729775538668, 0), (19.960481643676758, 77.96771240234375, -1.9112136363983154, 1) ), ( (0.0034870319068431854, -0.9992861151695251, -0.037620898336172104, 0), (-0.00013279948325362056, 0.0376206673681736, -0.9992921948432922, 0), (0.9999938607215881, 0.003489559283480048, -0.0000015201947007881245, 0), (20.00495719909668, 65.23683166503906, -2.390502452850342, 1) ), ( (0.0034873418044298887, -0.9992861151695251, -0.037620898336172104, 0), (-0.000131527180201374, 0.0376206673681736, -0.9992921948432922, 0), (0.9999938607215881, 0.0034898212179541588, -2.3713300834060647e-7, 0), (20.019062042236328, 49.58380126953125, -2.9978442192077637, 1) ), ( (0.0034863257315009832, 0.9992859959602356, 0.037620894610881805, 0), (-0.0001298499555559829, -0.0376206673681736, 0.9992921352386475, 0), (0.9999939203262329, -0.003488742746412754, -0.0000014006666333443718, 0), (-19.829483032226562, 84.7983627319336, -1.6900830268859863, 1) ), ( (0.0034680734388530254, 0.9940252304077148, 0.10909552127122879, 0), (-0.0003792141214944422, -0.10909488052129745, 0.9940313100814819, 0), (0.9999939203262329, -0.0034887443762272596, -0.0000014006599258209462, 0), (-19.959543228149414, 47.5205192565918, -3.093510866165161, 1) ), ( (0.08988257497549057, 0.9947903752326965, 0.048094213008880615, 0), (0.19914314150810242, 0.029363196343183517, -0.9795304536819458, 0), (-0.9758397936820984, 0.09762036055326462, -0.19546647369861603, 0), (-20.085729598999023, 11.351799011230469, -7.063076496124268, 1) ), ( (0.19914411008358002, 0.029362760484218597, -0.9795300960540771, 0), (0.08988264948129654, 0.9947906136512756, 0.048093877732753754, 0), (0.9758396148681641, -0.09762036055326462, 0.1954674869775772, 0), (-24.11166000366211, 2.4269561767578125, 8.5785551071167, 1) ), ( (0.19914411008358002, 0.029362753033638, -0.9795300960540771, 0), (0.089882992208004, 0.9947904348373413, 0.04809393361210823, 0), (0.9758394956588745, -0.09762072563171387, 0.19546744227409363, 0), (-25.31239128112793, 2.249908447265625, 14.484596252441406, 1) ), ( (0.08941318094730377, 0.9947193264961243, 0.05038972198963165, 0), (0.19935289025306702, 0.03169503062963486, -0.9794151186943054, 0), (-0.9758400917053223, 0.097617968916893, -0.19546619057655334, 0), (-20.085725784301758, 11.351806640625, -7.063075542449951, 1) ), ( (0.003467906266450882, 0.9943398833274841, 0.10618875175714493, 0), (-0.00036843426642008126, -0.1061880886554718, 0.9943460822105408, 0), (0.9999939203262329, -0.003487423062324524, -0.0000019015614043382811, 0), (-19.959545135498047, 47.52119445800781, -3.09344482421875, 1) ), ( (0.003468076465651393, 0.9940253496170044, 0.10909553617238998, 0), (-0.06647873669862747, -0.10862564295530319, 0.9918575286865234, 0), (0.9977818131446838, -0.010692370124161243, 0.0657048299908638, 0), (-20.045448303222656, 34.519325256347656, -4.553222179412842, 1) ), ( (0.0034680739045143127, 0.9940253496170044, 0.10909552872180939, 0), (-0.13228748738765717, -0.10768132656812668, 0.985345184803009, 0), (0.9912053942680359, -0.01784922368824482, 0.13112370669841766, 0), (-20.085857391357422, 22.937416076660156, -5.824351787567139, 1) ), ( (0.003468076465651393, 0.9940253496170044, 0.10909552872180939, 0), (-0.19948220252990723, -0.10621576756238937, 0.9741280674934387, 0), (0.9798954129219055, -0.025140969082713127, 0.19792203605175018, 0), (-20.126258850097656, 11.355484008789062, -7.095486640930176, 1) ), ( (0.0034863254986703396, 0.9992859959602356, 0.037620894610881805, 0), (-0.00012942323519382626, -0.0376206673681736, 0.9992921352386475, 0), (0.9999939203262329, -0.0034887269139289856, -0.0000018270761756866705, 0), (-19.934423446655273, 77.96757507324219, -1.9111589193344116, 1) ), ( (0.0034863254986703396, 0.9992859959602356, 0.037620894610881805, 0), (-0.0001298499555559829, -0.0376206710934639, 0.9992921352386475, 0), (0.9999939203262329, -0.0034887429792433977, -0.000001400673909301986, 0), (-19.978836059570312, 65.23670959472656, -2.3904476165771484, 1) ), ( (0.0034863254986703396, 0.9992859959602356, 0.037620894610881805, 0), (-0.00012857757974416018, -0.0376206710934639, 0.9992921352386475, 0), (0.9999939203262329, -0.0034886952489614487, -0.000002672142045412329, 0), (-19.992895126342773, 49.58369827270508, -2.997788429260254, 1) )]
