#usda 1.0
(
    endTimeCode = 18
    framesPerSecond = 30
    startTimeCode = 0
    timeCodesPerSecond = 30
)

def SkelRoot "SkelRoot"
{
    def Skeleton "Skeleton" (
        prepend apiSchemas = ["SkelBindingAPI"]
    )
    {
        uniform matrix4d[] bindTransforms = [( (1, 0, 0.000011611768968577962, 0), (0, 1, 0, 0), (-0.000011611768968577962, 0, 1, 0), (-0.9295328855514526, 0, -0.1487146019935608, 1) ), ( (-0.0000689042717567645, 1, 0.00011229435040149838, 0), (-0.000011611768968577962, -0.00011229515075683594, 1, 0), (1, 0.00006890296936035156, 0.000011611768968577962, 0), (-0.9295533895492554, 79.52294921875, 1.6160531044006348, 1) ), ( (-0.00009452332596993074, 0.9998559355735779, 0.016973624005913734, 0), (-0.00001062661158357514, -0.016973627731204033, 0.9998559355735779, 0), (1, 0.000094329341663979, 0.000012221746146678925, 0), (-0.9296662211418152, 81.16048431396484, 1.6162371635437012, 1) ), ( (-0.0001394611463183537, 0.997300922870636, 0.07342410087585449, 0), (-0.000010386563189968001, -0.07342410087585449, 0.997300922870636, 0), (1, 0.0001383220951538533, 0.000020590599888237193, 0), (-0.9302788972854614, 87.64158630371094, 1.7262604236602783, 1) ), ( (-0.00018702844681683928, 0.99567049741745, 0.09295288473367691, 0), (-0.00002764981400105171, -0.09295286983251572, 0.99567049741745, 0), (1, 0.0001836485753301531, 0.000044907199480803683, 0), (-0.9309227466583252, 92.24559020996094, 2.0652220249176025, 1) ), ( (-0.00020928139565512538, 0.9955750703811646, 0.0939694494009018, 0), (-0.000034262007829966024, -0.09396946430206299, 0.9955751895904541, 0), (1, 0.00020513578783720732, 0.00005376873741624877, 0), (-0.9325665235519409, 100.99695587158203, 2.882223129272461, 1) ), ( (0.9505523443222046, -0.14515328407287598, -0.27455535531044006, 0), (0.2575318217277527, -0.1256832331418991, 0.958061158657074, 0), (-0.17357268929481506, -0.9813941717147827, -0.08208692073822021, 0), (3.8467206954956055, 113.876220703125, 4.912840843200684, 1) ), ( (0.9993119239807129, -0.03675102815032005, -0.004981242120265961, 0), (0.0008000264642760158, -0.11292046308517456, 0.9936036467552185, 0), (-0.037078458815813065, -0.9929239749908447, -0.11281333118677139, 0), (22.437822341918945, 111.03726196289062, -0.4569660723209381, 1) ), ( (0.9992653131484985, -0.035746730864048004, -0.013805476948618889, 0), (0.009675122797489166, -0.11324242502450943, 0.9935203790664673, 0), (-0.037078484892845154, -0.9929242134094238, -0.11281336843967438, 0), (59.451866149902344, 109.67603302001953, -0.6414704322814941, 1) ), ( (0.999265193939209, -0.035746775567531586, -0.0138054508715868, 0), (0.009675122797489166, -0.11324240267276764, 0.9935202598571777, 0), (-0.03707857057452202, -0.9929240942001343, -0.11281333863735199, 0), (59.451866149902344, 109.67604064941406, -0.6414737701416016, 1) ), ( (0.999265193939209, -0.035746775567531586, -0.0138054508715868, 0), (0.009675122797489166, -0.11324240267276764, 0.9935202598571777, 0), (-0.03707857057452202, -0.9929240942001343, -0.11281333863735199, 0), (71.31234741210938, 109.25174713134766, -0.805336058139801, 1) ), ( (0.999265193939209, -0.035746775567531586, -0.0138054508715868, 0), (0.009675122797489166, -0.11324240267276764, 0.9935202598571777, 0), (-0.03707857057452202, -0.9929240942001343, -0.11281333863735199, 0), (82.71182250976562, 108.84395599365234, -0.9628267884254456, 1) ), ( (0.999265193939209, -0.035746775567531586, -0.0138054508715868, 0), (0.009675122797489166, -0.11324240267276764, 0.9935202598571777, 0), (-0.03707857057452202, -0.9929240942001343, -0.11281333863735199, 0), (93.62754821777344, 108.45347595214844, -1.1136313676834106, 1) ), ( (0.9994418621063232, 0.0016902523348107934, -0.033362049609422684, 0), (-0.0021269521676003933, -0.9934728145599365, -0.11404956877231598, 0), (-0.03333716094493866, 0.11405689269304276, -0.9929148554801941, 0), (93.62754821777344, 108.45347595214844, -1.1136313676834106, 1) ), ( (0.9839090704917908, -0.13298511505126953, 0.11932295560836792, 0), (-0.12105415016412735, -0.9873673915863037, -0.10223475843667984, 0), (0.1314110904932022, 0.08614511787891388, -0.9875780940055847, 0), (101.60528564453125, 106.29306030273438, 1.73982834815979, 1) ), ( (0.8661684393882751, -0.36535483598709106, 0.3409806787967682, 0), (-0.3541572690010071, -0.930142343044281, -0.09699135273694992, 0), (0.35259711742401123, -0.036749932914972305, -0.9350533485412598, 0), (118.89510345458984, 105.50411224365234, 3.7382497787475586, 1) ), ( (0.7473584413528442, -0.5906714797019958, 0.30424076318740845, 0), (-0.5815507769584656, -0.802989661693573, -0.1304095983505249, 0), (0.3213309645652771, -0.079468734562397, -0.9436264634132385, 0), (127.85295104980469, 101.72566986083984, 7.264645576477051, 0.9999999403953552) ), ( (0.7524425983428955, -0.6080589294433594, 0.2531697154045105, 0), (-0.6047068238258362, -0.7900950908660889, -0.10039661079645157, 0), (0.26107510924339294, -0.07755078375339508, -0.9621985554695129, 0), (133.22393798828125, 97.48069763183594, 9.451098442077637, 1) ), ( (0.9949519634246826, -0.09591111540794373, -0.029514523223042488, 0), (-0.09860832244157791, -0.9889975190162659, -0.1102740466594696, 0), (-0.01861334592103958, 0.11262776702642441, -0.9934630990028381, 0), (101.91218566894531, 107.1587905883789, -0.9367885589599609, 1) ), ( (0.9384362697601318, -0.32654234766960144, -0.11272522807121277, 0), (-0.3286511301994324, -0.9444513320922852, -0.00013071381545159966, 0), (-0.1064208447933197, 0.037169959396123886, -0.9936262965202332, 0), (118.68243408203125, 107.29420471191406, -1.6156272888183594, 1) ), ( (0.8290935754776001, -0.5477254986763, -0.11225365847349167, 0), (-0.5456480979919434, -0.8364471197128296, 0.05122537165880203, 0), (-0.12195178866386414, 0.018780408427119255, -0.9923586845397949, 0), (129.47434997558594, 103.53900146484375, -2.9119489192962646, 1) ), ( (0.8420301079750061, -0.5263611078262329, -0.11802300810813904, 0), (-0.5146206617355347, -0.8494301438331604, 0.11676346510648727, 0), (-0.16171211004257202, -0.03758135437965393, -0.9861223697662354, 0), (136.05596923828125, 99.19093322753906, -3.803065299987793, 1) ), ( (0.9994419813156128, 0.001685293042100966, -0.03335981070995331, 0), (-0.0021308716386556625, -0.9934753775596619, -0.114027239382267, 0), (-0.033334314823150635, 0.11403466016054153, -0.9929172396659851, 0), (93.43070220947266, 108.18639373779297, -1.1144120693206787, 1) ), ( (0.9503971934318542, -0.06121637672185898, -0.30495455861091614, 0), (0.034232910722494125, -0.953898012638092, 0.2981724143028259, 0), (-0.30914849042892456, -0.2938218414783478, -0.9044867157936096, 0), (101.13570404052734, 106.6396713256836, -6.915312767028809, 1) ), ( (0.5986983776092529, -0.3221972584724426, -0.733313798904419, 0), (-0.2256234586238861, -0.9462926983833313, 0.2315688282251358, 0), (-0.7685402631759644, 0.02681306004524231, -0.6392391920089722, 0), (114.14533233642578, 105.80160522460938, -11.089131355285645, 0.9999999403953552) ), ( (0.49405574798583984, -0.4814019501209259, -0.7239899039268494, 0), (-0.2541293799877167, -0.8763105273246765, 0.40926504135131836, 0), (-0.83146071434021, -0.018212709575891495, -0.555284857749939, 0), (119.33765411376953, 103.00729370117188, -17.44894790649414, 1) ), ( (0.5406287908554077, -0.5731550455093384, -0.615803062915802, 0), (-0.3200228214263916, -0.8170846104621887, 0.47954025864601135, 0), (-0.7780140042304993, -0.06218213587999344, -0.6251624226570129, 0), (122.43142700195312, 99.99276733398438, -21.98257827758789, 1) ), ( (0.9796886444091797, -0.11156374961137772, -0.16662266850471497, 0), (-0.13163964450359344, -0.9846360683441162, -0.11472702026367188, 0), (-0.15126347541809082, 0.13433094322681427, -0.97932368516922, 0), (101.72396850585938, 107.08967590332031, -3.7577381134033203, 1) ), ( (0.862454891204834, -0.273234486579895, -0.4260452687740326, 0), (-0.25142163038253784, -0.9618449211120605, 0.10789798200130463, 0), (-0.43927091360092163, 0.014059864915907383, -0.8982447385787964, 0), (116.87532043457031, 106.83238220214844, -6.507624626159668, 1) ), ( (0.7937403917312622, -0.46990489959716797, -0.38621899485588074, 0), (-0.3976132869720459, -0.8813573122024536, 0.25517186522483826, 0), (-0.4603032171726227, -0.04897443205118179, -0.8864100575447083, 0), (126.0082778930664, 103.93894958496094, -11.01921558380127, 1) ), ( (0.77058345079422, -0.5607552528381348, -0.30290931463241577, 0), (-0.4834827482700348, -0.8239889740943909, 0.29544293880462646, 0), (-0.415265291929245, -0.081212118268013, -0.9060682654380798, 0), (132.12986755371094, 100.31494903564453, -13.997844696044922, 1) ), ( (0.23460718989372253, -0.30322712659835815, 0.9235870838165283, 0), (0.5489530563354492, -0.7427811622619629, -0.38330963253974915, 0), (0.8022528886795044, 0.5969333052635193, -0.007804356049746275, 0), (98.14555358886719, 105.26197052001953, 0.8333318829536438, 1) ), ( (0.33947059512138367, -0.3610358238220215, 0.868569552898407, 0), (0.9356078505516052, 0.03443926200270653, -0.351356565952301, 0), (0.09693939238786697, 0.9319157004356384, 0.3494793772697449, 0), (100.22685241699219, 102.57190704345703, 9.026905059814453, 1) ), ( (0.175863116979599, -0.19704444706439972, 0.964492678642273, 0), (0.9611444473266602, -0.17739906907081604, -0.21149490773677826, 0), (0.21277397871017456, 0.9642109870910645, 0.15819023549556732, 0), (103.31195068359375, 99.29081726074219, 16.92038917541504, 1) ), ( (0.09630514681339264, -0.31131410598754883, 0.9454150795936584, 0), (0.9933961629867554, -0.02945268154144287, -0.1108911782503128, 0), (0.062367044389247894, 0.9498504996299744, 0.30642169713974, 0), (104.96231079101562, 97.44169616699219, 25.971588134765625, 1) ), ( (0.9993119239807129, -0.036751020699739456, -0.004981270991265774, 0), (0.000800089561380446, -0.11292047053575516, 0.9936037659645081, 0), (-0.03707845136523247, -0.9929240942001343, -0.11281333863735199, 0), (35.301002502441406, 110.5641860961914, -0.521090567111969, 1) ), ( (0.9993119239807129, -0.036751020699739456, -0.004981270991265774, 0), (0.000800089561380446, -0.11292047053575516, 0.9936037659645081, 0), (-0.03707845136523247, -0.9929240942001343, -0.11281333863735199, 0), (47.01168441772461, 110.13353729248047, -0.5794622898101807, 1) ), ( (0.9993119239807129, -0.036751020699739456, -0.004981270991265774, 0), (0.000800089561380446, -0.11292047053575516, 0.9936037659645081, 0), (-0.03707845136523247, -0.9929240942001343, -0.11281333863735199, 0), (59.451866149902344, 109.67603302001953, -0.6414704322814941, 1) ), ( (-0.00019441766198724508, 0.9389030337333679, 0.3441815674304962, 0), (0.000020167302864138037, -0.3441815972328186, 0.9389032125473022, 0), (1, 0.00018948057550005615, 0.00004797210203832947, 0), (-0.9359239935874939, 117.67323303222656, 1.7021167278289795, 1) ), ( (-0.00019447191152721643, 0.9389031529426575, 0.3441815972328186, 0), (0.00002043015047092922, -0.3441815674304962, 0.9389032125473022, 0), (1, 0.00018962199101224542, 0.0000477439934911672, 0), (-0.9377725720405579, 126.60092163085938, 4.974806308746338, 1) ), ( (-0.00019447191152721643, 0.9389031529426575, 0.3441815972328186, 0), (0.00002198768561356701, -0.3441815674304962, 0.9389032125473022, 0), (1, 0.00019015806901734322, 0.000046281624236144125, 0), (-0.9388280510902405, 131.69744873046875, 6.843090057373047, 1) ), ( (-0.00017498026136308908, 0.9934694766998291, 0.1140991672873497, 0), (-0.000027678079277393408, -0.11409907788038254, 0.9934693574905396, 0), (1, 0.00017067948647309095, 0.000047454694140469655, 0), (-0.9388280510902405, 131.69744873046875, 6.843090057373047, 1) ), ( (0.997452974319458, 0.006615116726607084, -0.0710090845823288, 0), (-0.00017453671898692846, 0.9959122538566589, 0.09031835943460464, 0), (0.0713169053196907, -0.09007545560598373, 0.9933778047561646, 0), (-0.9428659081459045, 149.06178283691406, 29.475601196289062, 1) ), ( (0.9975551962852478, -0.007800762541592121, 0.06945166736841202, 0), (0.0014572999207302928, 0.9958577156066895, 0.09091844409704208, 0), (-0.06987353414297104, -0.09059520065784454, 0.993433952331543, 0), (-12.139303207397461, 149.05990600585938, 29.475065231323242, 1) ), ( (0.997555136680603, -0.007800765335559845, 0.06945165246725082, 0), (0.0014573009684681892, 0.9958576560020447, 0.09091842919588089, 0), (-0.06987354904413223, -0.09059521555900574, 0.993433952331543, 0), (-12.139303207397461, 149.05990600585938, 29.475061416625977, 1) ), ( (0.9975584745407104, 0.008141291327774525, -0.06935907155275345, 0), (-0.001805875450372696, 0.9958565831184387, 0.09091868251562119, 0), (0.0698118656873703, -0.09057159721851349, 0.9934403300285339, 0), (10.253259658813477, 149.06370544433594, 29.476131439208984, 1) ), ( (0.9975584745407104, 0.00814129039645195, -0.06935906410217285, 0), (-0.0018058749847114086, 0.9958567023277283, 0.09091872721910477, 0), (0.0698118582367897, -0.0905715599656105, 0.9934402108192444, 0), (10.253260612487793, 149.06370544433594, 29.476119995117188, 1) ), ( (0.950463056564331, 0.14554321765899658, 0.27465739846229553, 0), (0.25758302211761475, 0.12578898668289185, -0.9580332040786743, 0), (-0.17398379743099213, 0.9813226461410522, 0.08206834644079208, 0), (-5.717362403869629, 113.87393188476562, 4.912295341491699, 1) ), ( (0.9992961883544922, 0.03716103360056877, 0.0050888643600046635, 0), (0.0008606509072706103, 0.11292087286710739, -0.993603527545929, 0), (-0.03749756142497063, 0.9929087162017822, 0.11280948668718338, 0), (-24.306682586669922, 111.02751922607422, -0.4594946503639221, 1) ), ( (0.9992489218711853, 0.03615669161081314, 0.013913015834987164, 0), (0.009735524654388428, 0.11324646323919296, -0.9935191869735718, 0), (-0.0374976210296154, 0.9929087162017822, 0.11280948668718338, 0), (-61.319740295410156, 109.65167236328125, -0.6479430198669434, 1) ), ( (0.9992490410804749, 0.0361567959189415, 0.013913026079535484, 0), (0.009735537692904472, 0.11324644833803177, -0.9935190677642822, 0), (-0.03749770298600197, 0.9929088354110718, 0.11280952394008636, 0), (-61.31973648071289, 109.65167236328125, -0.6479430198669434, 1) ), ( (0.9992490410804749, 0.0361567959189415, 0.013913026079535484, 0), (0.009735537692904472, 0.11324644833803177, -0.9935190677642822, 0), (-0.03749770298600197, 0.9929088354110718, 0.11280952394008636, 0), (-73.18049621582031, 109.2220458984375, -0.8131574392318726, 1) ), ( (0.9992490410804749, 0.0361567959189415, 0.013913026079535484, 0), (0.009735537692904472, 0.11324644833803177, -0.9935190677642822, 0), (-0.03749770298600197, 0.9929088354110718, 0.11280952394008636, 0), (-84.57923126220703, 108.81012725830078, -0.9717778563499451, 1) ), ( (0.9992490410804749, 0.0361567959189415, 0.013913026079535484, 0), (0.009735537692904472, 0.11324644833803177, -0.9935190677642822, 0), (-0.03749770298600197, 0.9929088354110718, 0.11280952394008636, 0), (-95.49488830566406, 108.41497802734375, -1.1237908601760864, 1) ), ( (0.9994389414787292, -0.0012801684206351638, 0.03346957266330719, 0), (-0.0025464799255132675, 0.9934716820716858, 0.11404947936534882, 0), (-0.0333971306681633, -0.1140705794095993, 0.9929108619689941, 0), (-95.49488830566406, 108.41497802734375, -1.1237908601760864, 1) ), ( (0.983866810798645, 0.13338890671730042, -0.11921703070402145, 0), (-0.12146987020969391, 0.9873176217079163, 0.10222184658050537, 0), (0.13134023547172546, -0.08609127253293991, 0.9875918626785278, 0), (-103.47244262695312, 106.2508316040039, 1.7287390232086182, 1) ), ( (0.8660551309585571, 0.36571019887924194, -0.3408873975276947, 0), (-0.35454893112182617, 0.9299970269203186, 0.09695333987474442, 0), (0.3524813652038574, 0.03689449653029442, 0.9350913166999817, 0), (-120.76222229003906, 105.45470428466797, 3.7252745628356934, 1) ), ( (0.7471489906311035, 0.5909778475761414, -0.3041602075099945, 0), (-0.581894040107727, 0.8027507066726685, 0.1303470879793167, 0), (0.32119715213775635, 0.07960048317909241, 0.9436606764793396, 0), (-129.7189483642578, 101.67263793945312, 7.250714302062988, 1) ), ( (0.7522205114364624, 0.6083678603172302, -0.25308871269226074, 0), (-0.6050413250923157, 0.7898467779159546, 0.100331611931324, 0), (0.26093974709510803, 0.07765784114599228, 0.9622263312339783, 0), (-135.08827209472656, 97.42543029785156, 9.436582565307617, 1) ), ( (0.9949095845222473, 0.09631935507059097, 0.029621610417962074, 0), (-0.09902554750442505, 0.9889570474624634, 0.11026356369256973, 0), (-0.018674001097679138, -0.11263550072908401, 0.9934607744216919, 0), (-103.77958679199219, 107.11652374267578, -0.9479167461395264, 1) ), ( (0.9382901191711426, 0.3269274830818176, 0.11282622069120407, 0), (-0.3290382921695709, 0.9443164467811584, 0.00009549894457450137, 0), (-0.10651244968175888, -0.03721369430422783, 0.9936145544052124, 0), (-120.54971313476562, 107.24504089355469, -1.6285605430603027, 1) ), ( (0.8288568258285522, 0.5480656623840332, 0.11234298348426819, 0), (-0.5459853410720825, 0.836223304271698, -0.05128391459584236, 0), (-0.12205073982477188, -0.018830513581633568, 0.9923449754714966, 0), (-131.33990478515625, 103.48540496826172, -2.926039457321167, 1) ), ( (0.8418015241622925, 0.5267062783241272, 0.11811361461877823, 0), (-0.514955997467041, 0.8492188453674316, -0.11681868880987167, 0), (-0.16183343529701233, 0.03751494735479355, 0.9861043691635132, 0), (-137.9197235107422, 99.13459777832031, -3.8178701400756836, 1) ), ( (0.9994386434555054, -0.0012803719146177173, 0.033469535410404205, 0), (-0.002547008916735649, 0.99346923828125, 0.1140722706913948, 0), (-0.033397089689970016, -0.11409340798854828, 0.9929082989692688, 0), (-95.29788970947266, 108.14799499511719, -1.1245415210723877, 1) ), ( (0.9503395557403564, 0.061606280505657196, 0.30505669116973877, 0), (0.03387393802404404, 0.9539120197296143, -0.29816848039627075, 0), (-0.3093661963939667, 0.29369476437568665, 0.9044532179832458, 0), (-103.00212097167969, 106.59768676757812, -6.9263482093811035, 1) ), ( (0.598487138748169, 0.32244282960891724, 0.733378529548645, 0), (-0.22598637640476227, 0.946200430393219, -0.23159298300743103, 0), (-0.7685978412628174, -0.02712835557758808, 0.6391562223434448, 0), (-116.01097106933594, 105.75434875488281, -11.101573944091797, 1) ), ( (0.4937804937362671, 0.48160436749458313, 0.724042534828186, 0), (-0.2544446587562561, 0.8762062788009644, -0.40929192304611206, 0), (-0.8315274119377136, 0.017871500924229622, 0.5551956295967102, 0), (-121.2015380859375, 102.95780944824219, -17.461965560913086, 1) ), ( (0.5403274297714233, 0.5733767747879028, 0.615861177444458, 0), (-0.3203059434890747, 0.8169528245925903, -0.47957444190979004, 0), (-0.7781067490577698, 0.06186288595199585, 0.6250783801078796, 0), (-124.29345703125, 99.94198608398438, -21.995830535888672, 1) ), ( (0.979625403881073, 0.11196575313806534, 0.16672809422016144, 0), (-0.13205556571483612, 0.9845820665359497, 0.11471297591924667, 0), (-0.1513136327266693, -0.13439306616783142, 0.9793070554733276, 0), (-103.59095764160156, 107.04737854003906, -3.768855571746826, 1) ), ( (0.862296462059021, 0.27358824014663696, 0.42613810300827026, 0), (-0.2518041431903839, 0.9617416858673096, -0.10792478173971176, 0), (-0.43936142325401306, -0.014240136370062828, 0.8981972336769104, 0), (-118.74192810058594, 106.78375244140625, -6.520394325256348, 1) ), ( (0.7935064435005188, 0.4702305197715759, 0.38630419969558716, 0), (-0.39794743061065674, 0.8811939358711243, -0.25521448254585266, 0), (-0.46041858196258545, 0.04878554865717888, 0.8863599300384521, 0), (-127.87322235107422, 103.88665771484375, -11.032953262329102, 1) ), ( (0.7703209519386292, 0.5610712766647339, 0.3029923439025879, 0), (-0.48378852009773254, 0.8237910270690918, -0.29549479484558105, 0), (-0.41539597511291504, 0.081041619181633, 0.9060232639312744, 0), (-133.99285888671875, 100.26012420654297, -14.012228965759277, 1) ), ( (0.2345820963382721, 0.303323358297348, -0.9235614538192749, 0), (0.5486072301864624, 0.743006706237793, 0.3833687901496887, 0), (0.8024965524673462, -0.59660404920578, 0.007890583015978336, 0), (-100.01224517822266, 105.22123718261719, 0.8226051926612854, 1) ), ( (0.33941587805747986, 0.36117520928382874, -0.8685330152511597, 0), (0.9355841279029846, -0.03405555337667465, 0.35145702958106995, 0), (0.09735899418592453, -0.9318758249282837, -0.349468857049942, 0), (-102.09335327148438, 102.53011322021484, 9.01598834991455, 1.0000001192092896) ), ( (0.17588599026203156, 0.19711659848690033, -0.9644733667373657, 0), (0.9610491991043091, 0.17779336869716644, 0.2115985006093979, 0), (0.21318621933460236, -0.9641236662864685, -0.1581675261259079, 0), (-105.17790222167969, 99.24781799316406, 16.909107208251953, 1) ), ( (0.09627919644117355, 0.31135377287864685, -0.9454043507575989, 0), (0.9933717250823975, 0.029860282316803932, 0.11099804937839508, 0), (0.06278932094573975, -0.949824869632721, -0.3064151108264923, 0), (-106.82860565185547, 97.39810943603516, 25.960203170776367, 1) ), ( (0.9992961287498474, 0.037161022424697876, 0.005088805221021175, 0), (0.0008606176124885678, 0.11292087286710739, -0.9936034083366394, 0), (-0.037497591227293015, 0.9929087162017822, 0.11280947923660278, 0), (-37.169124603271484, 110.54969787597656, -0.5249616503715515, 1) ), ( (0.9992961287498474, 0.037161022424697876, 0.005088805221021175, 0), (0.0008606176124885678, 0.11292087286710739, -0.9936034083366394, 0), (-0.037497591227293015, 0.9929087162017822, 0.11280947923660278, 0), (-48.88019943237305, 110.1137924194336, -0.5846250057220459, 1) ), ( (0.9992961287498474, 0.037161022424697876, 0.005088805221021175, 0), (0.0008606176124885678, 0.11292087286710739, -0.9936034083366394, 0), (-0.037497591227293015, 0.9929087162017822, 0.11280947923660278, 0), (-61.319740295410156, 109.65167236328125, -0.6479430198669434, 1) ), ( (0.0035556366201490164, -0.998723566532135, -0.05038582906126976, 0), (-0.00016735491226427257, 0.050385553389787674, -0.9987298846244812, 0), (0.9999936819076538, 0.003559552598744631, 0.000012003671145066619, 0), (14.150886535644531, 68.33335876464844, 0.08250026404857635, 1) ), ( (0.003531185444444418, -0.9915873408317566, -0.1293914020061493, 0), (-0.0004486653197091073, 0.1293906271457672, -0.9915936589241028, 0), (0.9999936819076538, 0.0035595539957284927, 0.000012003671145066619, 0), (14.259227752685547, 37.90184783935547, -1.452775478363037, 1) ), ( (0.09030608087778091, -0.9935777187347412, -0.06818290054798126, 0), (0.19956064224243164, -0.04902108013629913, 0.9786584973335266, 0), (-0.9757153987884521, -0.10198543965816498, 0.19385206699371338, 0), (14.343863487243652, 14.13543701171875, -4.5540385246276855, 1) ), ( (0.19955861568450928, -0.048987679183483124, 0.9786606431007385, 0), (0.09031275659799576, -0.9935787916183472, -0.06815002858638763, 0), (0.975715160369873, 0.10198549181222916, -0.19385305047035217, 0), (19.79943084716797, 1.85052490234375, 16.4423770904541, 1) ), ( (0.19955962896347046, -0.04898758605122566, 0.9786604642868042, 0), (0.09031247347593307, -0.993579089641571, -0.06814998388290405, 0), (0.9757149815559387, 0.10198523849248886, -0.19385410845279694, 0), (21.396644592285156, 1.4584426879882812, 24.27532958984375, 1) ), ( (0.08983571082353592, -0.9934598207473755, -0.07047632336616516, 0), (0.19977137446403503, -0.05135001614689827, 0.9784960746765137, 0), (-0.9757156372070312, -0.10198304802179337, 0.1938517838716507, 0), (14.34385871887207, 14.135444641113281, -4.554037094116211, 1) ), ( (0.0035312208347022533, -0.9919614791870117, -0.12649166584014893, 0), (-0.00043770100455731153, 0.12649089097976685, -0.9919676184654236, 0), (0.999993622303009, 0.0035582229029387236, 0.000012477090422180481, 0), (14.259236335754395, 37.90258026123047, -1.4526896476745605, 1) ), ( (0.0035296473652124405, -0.9915872812271118, -0.1293913871049881, 0), (-0.0666690319776535, 0.12887096405029297, -0.9894178509712219, 0), (0.9977689385414124, 0.012118695303797722, -0.06565330177545547, 0), (14.341489791870117, 26.990699768066406, -2.911777973175049, 1) ), ( (0.0035271495580673218, -0.9915872812271118, -0.1293913871049881, 0), (-0.1325966864824295, 0.12778592109680176, -0.9828982353210449, 0), (0.9911639094352722, 0.020623698830604553, -0.13103051483631134, 0), (14.364373207092285, 20.56539535522461, -3.750211477279663, 1) ), ( (0.0035263672471046448, -0.9915872812271118, -0.1293913871049881, 0), (-0.19991029798984528, 0.12608128786087036, -0.9716684818267822, 0), (0.9798077940940857, 0.029293129220604897, -0.19778388738632202, 0), (14.387250900268555, 14.140090942382812, -4.5886454582214355, 1) ), ( (0.00355448666960001, -0.998723566532135, -0.05038582533597946, 0), (-0.00016692841018084437, 0.050385553389787674, -0.9987298846244812, 0), (0.9999936819076538, 0.0035583823919296265, 0.000012371702723612543, 0), (14.252521514892578, 64.17184448242188, -0.08879931271076202, 1) ), ( (0.00355263683013618, -0.998723566532135, -0.05038582533597946, 0), (-0.0001673549268161878, 0.050385553389787674, -0.9987298846244812, 0), (0.9999936819076538, 0.003556556534022093, 0.000011852507668663748, 0), (14.289813995361328, 53.698638916015625, -0.6171752214431763, 1) ), ( (0.0035529467277228832, -0.998723566532135, -0.05038582533597946, 0), (-0.00016608263831585646, 0.05038555711507797, -0.9987298846244812, 0), (0.9999936819076538, 0.0035568014718592167, 0.000013138810572854709, 0), (14.294778823852539, 40.108890533447266, -1.3221008777618408, 1) ), ( (0.0034168355632573366, 0.9987239837646484, 0.050385911017656326, 0), (-0.00018362098489888012, -0.050385575741529465, 0.9987298250198364, 0), (0.999994158744812, -0.003421747824177146, 0.00001121972491091583, 0), (-16.008411407470703, 68.33125305175781, 0.08215007185935974, 1) ), ( (0.003391531528905034, 0.99158775806427, 0.12939149141311646, 0), (-0.00045387810678221285, -0.129390686750412, 0.991593599319458, 0), (0.999994158744812, -0.0034217489883303642, 0.000011219725820410531, 0), (-16.11253547668457, 37.899742126464844, -1.4531278610229492, 1) ), ( (0.0901675820350647, 0.9935901165008545, 0.0681850016117096, 0), (0.19957669079303741, 0.049048569053411484, -0.9786539077758789, 0), (-0.975724995136261, 0.10185100138187408, -0.19387471675872803, 0), (-16.19381332397461, 14.133338928222656, -4.554389476776123, 1) ), ( (0.19957461953163147, 0.04901518672704697, -0.9786559343338013, 0), (0.09017425030469894, 0.9935911297798157, 0.06815213710069656, 0), (0.9757246971130371, -0.10185103118419647, 0.19387568533420563, 0), (-21.648183822631836, 1.8477020263671875, 16.44190216064453, 1) ), ( (0.19957460463047028, 0.04901517927646637, -0.9786558747291565, 0), (0.0901746079325676, 0.9935913681983948, 0.06815223395824432, 0), (0.9757245779037476, -0.10185137391090393, 0.19387565553188324, 0), (-23.245502471923828, 1.4553375244140625, 24.274707794189453, 1) ), ( (0.08969715237617493, 0.9934722185134888, 0.0704784095287323, 0), (0.199786975979805, 0.0513775534927845, -0.9784913659095764, 0), (-0.9757250547409058, 0.10184859484434128, -0.19387438893318176, 0), (-16.193811416625977, 14.133354187011719, -4.554388999938965, 1) ), ( (0.0033915836829692125, 0.9919619560241699, 0.12649177014827728, 0), (-0.0004433218273334205, -0.12649096548557281, 0.9919677376747131, 0), (0.9999942779541016, -0.0034204181283712387, 0.000010745920917543117, 0), (-16.11253547668457, 37.90046310424805, -1.4530417919158936, 1) ), ( (0.0033915345557034016, 0.9915878772735596, 0.12939149141311646, 0), (-0.06667426973581314, -0.12888003885746002, 0.9894163608551025, 0), (0.9977691173553467, -0.011982721276581287, 0.06567627936601639, 0), (-16.193248748779297, 26.988597869873047, -2.9121286869049072, 1) ), ( (0.0033915319945663214, 0.9915878772735596, 0.12939149141311646, 0), (-0.13260196149349213, -0.12780363857746124, 0.9828951954841614, 0), (0.9911636114120483, -0.02049107849597931, 0.13105301558971405, 0), (-16.215225219726562, 20.563308715820312, -3.750560760498047, 1) ), ( (0.0033915345557034016, 0.9915878772735596, 0.12939149141311646, 0), (-0.19991549849510193, -0.1261078417301178, 0.9716640114784241, 0), (0.9798073172569275, -0.029162796214222908, 0.19780610501766205, 0), (-16.237199783325195, 14.137977600097656, -4.588998794555664, 1) ), ( (0.003416835330426693, 0.9987239837646484, 0.05038590356707573, 0), (-0.0001831942645367235, -0.050385572016239166, 0.9987298250198364, 0), (0.999994158744812, -0.003421726170927286, 0.000010793568435474299, 0), (-16.109477996826172, 64.16968536376953, -0.08915473520755768, 1) ), ( (0.003416835330426693, 0.9987239837646484, 0.05038590356707573, 0), (-0.0001836209703469649, -0.050385572016239166, 0.9987298250198364, 0), (0.999994158744812, -0.0034217475913465023, 0.000011219731277378742, 0), (-16.145309448242188, 53.69648742675781, -0.6175305247306824, 1) ), ( (0.003416835330426693, 0.9987239837646484, 0.05038590356707573, 0), (-0.00018234862363897264, -0.050385575741529465, 0.9987298250198364, 0), (0.999994158744812, -0.003421683330088854, 0.000009948978004103992, 0), (-16.148391723632812, 40.10676956176758, -1.3224549293518066, 1) )]
