#usda 1.0
(
    endTimeCode = 18
    framesPerSecond = 30
    startTimeCode = 0
    timeCodesPerSecond = 30
)

def SkelRoot "SkelRoot"
{
    def Skeleton "Skeleton" (
        prepend apiSchemas = ["SkelBindingAPI"]
    )
    {
        uniform matrix4d[] bindTransforms = [( (1, 0, -0.000007947337508085184, 0), (0, 1, 0, 0), (0.000007947337508085184, 0, 1, 0), (0.27257800102233887, 0, -6.628641128540039, 1) ), ( (-0.000005006803348805988, 0.9999999403953552, -0.0000016390879409300396, 0), (0.000007947336598590482, 0.0000017285346984863281, 0.9999999403953552, 0), (0.9999998807907104, 0.000005066394805908203, -0.000007887731953815091, 0), (0.27259156107902527, 88.43363189697266, -4.917824745178223, 1) ), ( (-0.0000058284290389565285, 0.9999977350234985, 0.002070839051157236, 0), (0.000008139484634739347, -0.002070749644190073, 0.9999977350234985, 0), (0.9999998807907104, 0.000005904876616114052, -0.00000806778552941978, 0), (0.2725836932659149, 90.0210952758789, -4.917827606201172, 1) ), ( (-0.000007060117241053376, 0.9998096823692322, 0.019510293379426003, 0), (0.000013732078514294699, -0.01951019838452339, 0.9998096823692322, 0), (0.9999998807907104, 0.0000073862938734237105, -0.000013532107004721183, 0), (0.27254605293273926, 96.4725570678711, -4.904467582702637, 1) ), ( (-0.000008283214810944628, 0.9994457960128784, 0.03328302130103111, 0), (0.000035873777960659936, -0.03328292816877365, 0.9994457960128784, 0), (0.9999998807907104, 0.00000953221388044767, -0.000035518598451744765, 0), (0.2725132405757904, 101.11463165283203, -4.813882350921631, 1) ), ( (-0.000008842432180244941, 0.9994120597839355, 0.034282490611076355, 0), (0.000043449384975247085, -0.03428240120410919, 0.9994122385978699, 0), (0.9999998807907104, 0.000010386391295469366, -0.00004306108530727215, 0), (0.2724419832229614, 109.7143783569336, -4.527497291564941, 1) ), ( (0.950498104095459, -0.16149550676345825, -0.2654666602611542, 0), (0.25745171308517456, -0.0690709576010704, 0.9638192653656006, 0), (-0.17398850619792938, -0.9844533205032349, -0.02407466247677803, 0), (4.800734519958496, 122.29434204101562, -3.309293746948242, 1) ), ( (0.9992963671684265, -0.03740411996841431, -0.0027524400502443314, 0), (0.0007245410815812647, -0.054125554859638214, 0.9985339641571045, 0), (-0.03749832138419151, -0.9978331923484802, -0.054060447961091995, 0), (22.618141174316406, 119.26703643798828, -8.285557746887207, 1) ), ( (0.9808679223060608, -0.047094475477933884, 0.18889163434505463, 0), (-0.19102823734283447, -0.04594294726848602, 0.9805090427398682, 0), (-0.0374983549118042, -0.9978333115577698, -0.05406046658754349, 0), (52.5706901550293, 118.14590454101562, -8.368060111999512, 1) ), ( (0.980867862701416, -0.04709456115961075, 0.18889163434505463, 0), (-0.19102822244167328, -0.04594293236732483, 0.9805088639259338, 0), (-0.03749844431877136, -0.9978333115577698, -0.05406045913696289, 0), (52.5706672668457, 118.14591979980469, -8.368054389953613, 1) ), ( (0.980867862701416, -0.04709456115961075, 0.18889163434505463, 0), (-0.19102822244167328, -0.04594293236732483, 0.9805088639259338, 0), (-0.03749844431877136, -0.9978333115577698, -0.05406045913696289, 0), (63.85687255859375, 117.60403442382812, -6.19460391998291, 1) ), ( (0.980867862701416, -0.04709456115961075, 0.18889163434505463, 0), (-0.19102822244167328, -0.04594293236732483, 0.9805088639259338, 0), (-0.03749844431877136, -0.9978333115577698, -0.05406045913696289, 0), (73.54039764404297, 117.13908386230469, -4.3297882080078125, 1) ), ( (0.980867862701416, -0.04709456115961075, 0.18889163434505463, 0), (-0.19102822244167328, -0.04594293236732483, 0.9805088639259338, 0), (-0.03749844431877136, -0.9978333115577698, -0.05406045913696289, 0), (79.27155303955078, 116.86393737792969, -3.2261040210723877, 1) ), ( (0.985825777053833, -0.011068594641983509, 0.16740746796131134, 0), (-0.003023649798706174, -0.9988315105438232, -0.04823503643274307, 0), (0.16774563491344452, 0.04704500734806061, -0.9847070574760437, 0), (79.27155303955078, 116.86393737792969, -3.2261040210723877, 1) ), ( (0.9370027780532837, -0.13494795560836792, 0.3222029507160187, 0), (-0.12174240499734879, -0.9906923770904541, -0.06089014559984207, 0), (0.32742080092430115, 0.01782836951315403, -0.9447106122970581, 0), (83.36675262451172, 115.69940185546875, -0.6506481170654297, 1) ), ( (0.8543721437454224, -0.1300990730524063, 0.5031127333641052, 0), (-0.053461432456970215, -0.9850231409072876, -0.16392867267131805, 0), (0.5169040560722351, 0.11315889656543732, -0.8485309481620789, 0), (93.57775115966797, 115.10847473144531, 2.7382965087890625, 1) ), ( (0.8611718416213989, -0.13521888852119446, 0.4899986684322357, 0), (-0.0853348970413208, -0.988746166229248, -0.12287637591362, 0), (0.5010996460914612, 0.0640035942196846, -0.8630197644233704, 0), (98.97467803955078, 114.28667449951172, 5.916407585144043, 1) ), ( (0.8914276361465454, 0.011236051097512245, 0.4530235528945923, 0), (0.026032837107777596, -0.9993116855621338, -0.02644050493836403, 0), (0.45241445302963257, 0.03536318242549896, -0.8911063075065613, 0), (102.86832427978516, 113.67528533935547, 8.131828308105469, 1) ), ( (0.9783380627632141, -0.10813423246145248, 0.17652703821659088, 0), (-0.09819059073925018, -0.993097722530365, -0.0641506090760231, 0), (0.1822454184293747, 0.045427531003952026, -0.9822031259536743, 0), (83.85289001464844, 116.08615112304688, -2.136413097381592, 1) ), ( (0.9830619692802429, -0.1474907100200653, 0.10879313945770264, 0), (-0.13906900584697723, -0.9869354963302612, -0.0813509151339531, 0), (0.1193702220916748, 0.06484304368495941, -0.9907302260398865, 0), (94.12566375732422, 115.94332885742188, -0.4556407928466797, 1) ), ( (0.9846197962760925, -0.14298681914806366, 0.10038896650075912, 0), (-0.13760694861412048, -0.9887491464614868, -0.05864706635475159, 0), (0.10764520615339279, 0.04393073171377182, -0.9932183027267456, 0), (100.9833755493164, 114.91444396972656, 0.30329322814941406, 1) ), ( (0.9946421384811401, 0.04297279193997383, 0.0940253809094429, 0), (0.04049412161111832, -0.9987842440605164, 0.028113218024373055, 0), (0.09511905163526535, -0.024155257269740105, -0.9951728582382202, 0), (105.85638427734375, 114.20679473876953, 0.8001203536987305, 1) ), ( (0.9858251810073853, -0.011073320172727108, 0.1674100011587143, 0), (-0.003031963249668479, -0.998832643032074, -0.04821381717920303, 0), (0.1677483171224594, 0.047022659331560135, -0.9847075343132019, 0), (79.15828704833984, 116.71343994140625, -3.2392337322235107, 1) ), ( (0.9903544187545776, -0.09166514873504639, -0.1039019227027893, 0), (-0.04853423684835434, -0.9318761229515076, 0.3595159351825714, 0), (-0.1297789067029953, -0.35100558400154114, -0.9273363947868347, 0), (84.09030151367188, 115.56615447998047, -5.532153129577637, 1) ), ( (0.8228331208229065, -0.20957103371620178, -0.5282281041145325, 0), (-0.1444103866815567, -0.9761143922805786, 0.16231536865234375, 0), (-0.5496276021003723, -0.05727704241871834, -0.8334438800811768, 0), (92.65969848632812, 114.77294921875, -6.430874347686768, 1) ), ( (0.7752154469490051, -0.19083239138126373, -0.602182924747467, 0), (-0.07871846854686737, -0.9750308394432068, 0.20765040814876556, 0), (-0.6267734169960022, -0.11357105523347855, -0.7708806991577148, 0), (97.07584381103516, 113.64818572998047, -9.265886306762695, 1) ), ( (0.8359115123748779, -0.13173267245292664, -0.5328209400177002, 0), (-0.04064054414629936, -0.9829612970352173, 0.17926503717899323, 0), (-0.547357439994812, -0.12819574773311615, -0.8270227909088135, 0), (100.17291259765625, 112.88581848144531, -11.67165756225586, 1) ), ( (0.9903104901313782, -0.13285480439662933, 0.04043092951178551, 0), (-0.12956063449382782, -0.9887009859085083, -0.07539798319339752, 0), (0.04999096691608429, 0.06942900270223618, -0.996333658695221, 0), (84.06661224365234, 115.9395523071289, -3.7247977256774902, 1) ), ( (0.9717875719070435, -0.11573132872581482, -0.2055104523897171, 0), (-0.09624530375003815, -0.9900721311569214, 0.10243929177522659, 0), (-0.21532559394836426, -0.07976995408535004, -0.9732787609100342, 0), (93.6765365600586, 115.48247528076172, -3.483867883682251, 1) ), ( (0.9636690020561218, -0.17631658911705017, -0.20063410699367523, 0), (-0.1406073421239853, -0.9735317230224609, 0.18018248677253723, 0), (-0.22709286212921143, -0.14542584121227264, -0.9629538655281067, 0), (99.95216369628906, 114.735107421875, -4.811013698577881, 1) ), ( (0.9760730266571045, -0.16203297674655914, -0.14500866830348969, 0), (-0.13418002426624298, -0.973590612411499, 0.18470758199691772, 0), (-0.17110788822174072, -0.1608310043811798, -0.9720368385314941, 0), (104.5974349975586, 113.88519287109375, -5.77815055847168, 1) ), ( (-0.06637541204690933, -0.7775793671607971, 0.625272274017334, 0), (0.3183126449584961, -0.6104124188423157, -0.725309431552887, 0), (0.9456592202186584, 0.1508895605802536, 0.28802981972694397, 0), (81.526611328125, 115.0998306274414, -1.5116233825683594, 1) ), ( (0.06817685812711716, -0.8040528893470764, 0.5906359553337097, 0), (0.908254086971283, -0.1949481964111328, -0.3702295422554016, 0), (0.4128277599811554, 0.5616883635520935, 0.7169936895370483, 0), (81.13424682617188, 110.50306701660156, 2.1847457885742188, 1) ), ( (0.06962365657091141, -0.6944169998168945, 0.716196596622467, 0), (0.8300434947013855, -0.3579009175300598, -0.4277084171772003, 0), (0.5533356070518494, 0.6242533326148987, 0.5514782667160034, 0), (81.5162124633789, 105.99774169921875, 5.494226455688477, 1) ), ( (-0.1612268090248108, -0.706284761428833, 0.6893247961997986, 0), (0.8998323082923889, -0.3920741677284241, -0.19125789403915405, 0), (0.40534892678260803, 0.5894405841827393, 0.6987504959106445, 0), (81.91812896728516, 101.98957824707031, 9.628131866455078, 1) ), ( (0.9992963075637817, -0.03740416467189789, -0.0027524696197360754, 0), (0.0007245613960549235, -0.05412552133202553, 0.9985339045524597, 0), (-0.03749832510948181, -0.9978333115577698, -0.054060447961091995, 0), (35.087867736816406, 118.80027770996094, -8.319905281066895, 1) ), ( (0.9992963075637817, -0.03740416467189789, -0.0027524696197360754, 0), (0.0007245613960549235, -0.05412552133202553, 0.9985339045524597, 0), (-0.03749832510948181, -0.9978333115577698, -0.054060447961091995, 0), (43.47567367553711, 118.48633575439453, -8.343008995056152, 1) ), ( (0.9992963075637817, -0.03740416467189789, -0.0027524696197360754, 0), (0.0007245613960549235, -0.05412552133202553, 0.9985339045524597, 0), (-0.03749832510948181, -0.9978333115577698, -0.054060447961091995, 0), (52.5706901550293, 118.14590454101562, -8.368060111999512, 1) ), ( (0.000005318176135915564, 0.9578433632850647, 0.287291556596756, 0), (0.000044323904148768634, -0.28729137778282166, 0.9578432440757751, 0), (0.9999998807907104, 0.000007699502930336166, -0.00004392360642668791, 0), (0.27218520641326904, 125.78353118896484, -6.635965824127197, 1) ), ( (0.000005263938419375336, 0.9578432440757751, 0.28729158639907837, 0), (0.00004458675903151743, -0.28729140758514404, 0.9578432440757751, 0), (0.9999998807907104, 0.000007826971341273747, -0.000044159794924780726, 0), (0.27223724126815796, 135.16481018066406, -3.8221850395202637, 1) ), ( (0.0000052639393288700376, 0.9578432440757751, 0.28729158639907837, 0), (0.00004614429781213403, -0.28729140758514404, 0.9578432440757751, 0), (0.9999998807907104, 0.000008274436368083116, -0.00004565166454995051, 0), (0.272292822599411, 145.1727752685547, -0.8204402923583984, 1) ), ( (-0.000003834484232356772, 0.9985263347625732, 0.054271284490823746, 0), (0.00004464777885004878, -0.05427122861146927, 0.9985261559486389, 0), (0.9999998807907104, 0.0000063115267039393075, -0.00004431426350492984, 0), (0.272292822599411, 145.1727752685547, -0.8204402923583984, 1) ), ( (0.9974475502967834, 0.0021751546300947666, -0.0713593140244484, 0), (-0.000005168878033146029, 0.9995375275611877, 0.03038671426475048, 0), (0.07139308750629425, -0.03030816838145256, 0.9969871044158936, 0), (0.27269110083580017, 154.0410614013672, 9.404008865356445, 1) ), ( (0.9975599050521851, -0.0037851163651794195, 0.06971338391304016, 0), (0.0016267138998955488, 0.9995184540748596, 0.030988896265625954, 0), (-0.06979740411043167, -0.03080013580620289, 0.9970858693122864, 0), (-5.039582252502441, 154.041015625, 9.404245376586914, 1) ), ( (0.9975599050521851, -0.003785116132348776, 0.06971336901187897, 0), (0.0016267138998955488, 0.999518632888794, 0.0309889018535614, 0), (-0.06979741901159286, -0.030800165608525276, 0.9970858693122864, 0), (-5.039583206176758, 154.04104614257812, 9.404245376586914, 1) ), ( (0.9975534677505493, 0.0037975849118083715, -0.06980385631322861, 0), (-0.001636461354792118, 0.9995181560516357, 0.030989518389105797, 0), (0.06988797336816788, -0.03079947456717491, 0.9970793128013611, 0), (5.584814071655273, 154.04110717773438, 9.403776168823242, 1) ), ( (0.9975534081459045, 0.003797585144639015, -0.0698038637638092, 0), (-0.0016364617040380836, 0.9995184540748596, 0.030989503487944603, 0), (0.06988797336816788, -0.03079945780336857, 0.9970792531967163, 0), (5.584814071655273, 154.04110717773438, 9.403772354125977, 1) ), ( (0.950517475605011, 0.16151493787765503, 0.2653849422931671, 0), (0.2573670744895935, 0.06907639652490616, -0.9638414978981018, 0), (-0.1740063577890396, 0.9844497442245483, 0.024089789018034935, 0), (-4.256011009216309, 122.29393005371094, -3.308915853500366, 1) ), ( (0.9992955327033997, 0.0374247208237648, 0.0026664286851882935, 0), (0.0006372962379828095, 0.054125651717185974, -0.9985334873199463, 0), (-0.03751395642757416, 0.9978325366973877, 0.05406380444765091, 0), (-22.073747634887695, 119.26644134521484, -8.283632278442383, 1) ), ( (0.9808507561683655, 0.047114674001932144, -0.1889760047197342, 0), (-0.1911136955022812, 0.04593914747238159, -0.9804921746253967, 0), (-0.03751394897699356, 0.9978324770927429, 0.0540638230741024, 0), (-52.02586364746094, 118.14524841308594, -8.363557815551758, 1) ), ( (0.9808505177497864, 0.0471147745847702, -0.188975989818573, 0), (-0.19111374020576477, 0.04593917354941368, -0.9804920554161072, 0), (-0.03751405328512192, 0.9978324174880981, 0.054063860327005386, 0), (-52.02585983276367, 118.14523315429688, -8.363557815551758, 1) ), ( (0.9808505177497864, 0.0471147745847702, -0.188975989818573, 0), (-0.19111374020576477, 0.04593917354941368, -0.9804920554161072, 0), (-0.03751405328512192, 0.9978324174880981, 0.054063860327005386, 0), (-63.31230163574219, 117.60264587402344, -6.189087867736816, 1) ), ( (0.9808505177497864, 0.0471147745847702, -0.188975989818573, 0), (-0.19111374020576477, 0.04593917354941368, -0.9804920554161072, 0), (-0.03751405328512192, 0.9978324174880981, 0.054063860327005386, 0), (-72.99513244628906, 117.1380615234375, -4.323495388031006, 1) ), ( (0.9808505177497864, 0.0471147745847702, -0.188975989818573, 0), (-0.19111374020576477, 0.04593917354941368, -0.9804920554161072, 0), (-0.03751405328512192, 0.9978324174880981, 0.054063860327005386, 0), (-78.72626495361328, 116.86258697509766, -3.219310998916626, 1) ), ( (0.9858107566833496, 0.011088906787335873, -0.1674923449754715, 0), (-0.0030397570226341486, 0.9988314509391785, 0.048235438764095306, 0), (0.16783156991004944, -0.04704168438911438, 0.9846926331520081, 0), (-78.72626495361328, 116.86258697509766, -3.219310998916626, 1) ), ( (0.9369720220565796, 0.13496729731559753, -0.3222835958003998, 0), (-0.12175727635622025, 0.9906898736953735, 0.06090079993009567, 0), (0.32750266790390015, -0.017821738496422768, 0.9446818828582764, 0), (-82.82147216796875, 115.69770812988281, -0.6434769630432129, 1) ), ( (0.8543262481689453, 0.13011661171913147, -0.5031862258911133, 0), (-0.053467266261577606, 0.9850215315818787, 0.16393344104290009, 0), (0.5169795155525208, -0.11314835399389267, 0.8484864234924316, 0), (-93.03214263916016, 115.10651397705078, 2.7463502883911133, 1) ), ( (0.8611268401145935, 0.13523662090301514, -0.4900725781917572, 0), (-0.0853443518280983, 0.9887445569038391, 0.12288381904363632, 0), (0.5011752843856812, -0.06399338692426682, 0.8629762530326843, 0), (-98.42884063720703, 114.28465270996094, 5.924925804138184, 1) ), ( (0.8913888335227966, -0.011217632330954075, -0.45310020446777344, 0), (0.026014752686023712, 0.9993120431900024, 0.026438433676958084, 0), (0.4524921178817749, -0.03535397723317146, 0.8910673260688782, 0), (-102.32222747802734, 113.67313385009766, 8.14067268371582, 1) ), ( (0.9783204197883606, 0.10815435647964478, -0.1766112893819809, 0), (-0.09820524603128433, 0.9930959343910217, 0.06415919214487076, 0), (0.1823311448097229, -0.04542389512062073, 0.9821870923042297, 0), (-83.30777740478516, 116.08448791503906, -2.1291890144348145, 1) ), ( (0.9830496311187744, 0.14751088619232178, -0.10887768119573593, 0), (-0.13908201456069946, 0.986932635307312, 0.0813629999756813, 0), (0.11945696175098419, -0.06484072655439377, 0.9907199740409851, 0), (-93.58050537109375, 115.94147491455078, -0.4475264549255371, 1) ), ( (0.9846082329750061, 0.1430070847272873, -0.10047370940446854, 0), (-0.13762199878692627, 0.9887463450431824, 0.05865908041596413, 0), (0.10773182660341263, -0.04392863065004349, 0.9932087063789368, 0), (-100.4380111694336, 114.91241455078125, 0.3119797706604004, 1) ), ( (0.9946344494819641, -0.04295232892036438, -0.09411095827817917, 0), (0.0404713973402977, 0.9987848997116089, -0.02811654657125473, 0), (0.0952044129371643, 0.02415706031024456, 0.9951645135879517, 0), (-105.31095123291016, 114.20465850830078, 0.8092327117919922, 1) ), ( (0.9858108758926392, 0.011088628321886063, -0.1674923449754715, 0), (-0.003035689238458872, 0.9988303780555725, 0.048257987946271896, 0), (0.16783156991004944, -0.047064583748579025, 0.984691321849823, 0), (-78.61300659179688, 116.71211242675781, -3.232438564300537, 1) ), ( (0.9903614521026611, 0.0916854664683342, 0.10381662100553513, 0), (-0.048584237694740295, 0.9318752288818359, -0.3595115542411804, 0), (-0.12970595061779022, 0.3510028123855591, 0.9273471832275391, 0), (-83.54544830322266, 115.56446838378906, -5.524909496307373, 1) ), ( (0.8228743076324463, 0.2095879167318344, 0.5281575918197632, 0), (-0.14444424211978912, 0.9761113524436951, -0.16230274736881256, 0), (-0.5495567917823792, 0.05726567655801773, 0.8334911465644836, 0), (-92.11497497558594, 114.77113342285156, -6.422895908355713, 1) ), ( (0.7752628922462463, 0.1908482164144516, 0.6021162867546082, 0), (-0.0787561759352684, 0.975028932094574, -0.20764344930648804, 0), (-0.6267090439796448, 0.11355800181627274, 0.7709347605705261, 0), (-96.53131103515625, 113.64623260498047, -9.257527351379395, 1) ), ( (0.8359551429748535, 0.1317497044801712, 0.5327486991882324, 0), (-0.040675945580005646, 0.9829608201980591, -0.17926141619682312, 0), (-0.5472885370254517, 0.12818442285060883, 0.8270694017410278, 0), (-99.62848663330078, 112.88375091552734, -11.662992477416992, 1) ), ( (0.9903042912483215, 0.1328752189874649, -0.04051616042852402, 0), (-0.12957429885864258, 0.9886981248855591, 0.07540927082300186, 0), (0.05007835105061531, -0.06942809373140335, 0.996329128742218, 0), (-83.5216293334961, 115.93782043457031, -3.7175614833831787, 1) ), ( (0.9718030095100403, 0.11575131118297577, 0.20542672276496887, 0), (-0.09627417474985123, 0.9900703430175781, -0.1024307981133461, 0), (-0.2152431756258011, 0.07976541668176651, 0.9732974767684937, 0), (-93.13159942626953, 115.4804916381836, -3.4758100509643555, 1) ), ( (0.9636827111244202, 0.1763363629579544, 0.20055115222930908, 0), (-0.1406426578760147, 0.9735289216041565, -0.18017013370990753, 0), (-0.2270127534866333, 0.14542102813720703, 0.9629732966423035, 0), (-99.4072494506836, 114.7330322265625, -4.802400588989258, 1) ), ( (0.9760816097259521, 0.16205289959907532, 0.14492455124855042, 0), (-0.13421577215194702, 0.9735879302024841, -0.18469591438770294, 0), (-0.17102718353271484, 0.16082726418972015, 0.9720515608787537, 0), (-104.05256652832031, 113.88302612304688, -5.769137382507324, 1) ), ( (-0.06644518673419952, 0.7775777578353882, -0.6252662539482117, 0), (0.3183627128601074, 0.6104185581207275, 0.7252820134162903, 0), (0.9456375241279602, -0.15087005496025085, -0.2881111204624176, 0), (-80.98141479492188, 115.09820556640625, -1.5046014785766602, 1) ), ( (0.06810954958200455, 0.8040546178817749, -0.5906414985656738, 0), (0.9082818031311035, 0.19496695697307587, 0.37015122175216675, 0), (0.4127771854400635, -0.5616798996925354, -0.7170292139053345, 0), (-80.58859252929688, 110.50138854980469, 2.1916847229003906, 1) ), ( (0.06954774260520935, 0.6944186687469482, -0.7162021398544312, 0), (0.8300730586051941, 0.35791781544685364, 0.4276369512081146, 0), (0.5533004403114319, -0.6242415904998779, -0.5515256524085999, 0), (-80.97022247314453, 105.99606323242188, 5.501218795776367, 1) ), ( (-0.1613006293773651, 0.7062810659408569, -0.6893107295036316, 0), (0.8998408913612366, 0.39209264516830444, 0.1911805123090744, 0), (0.40530064702033997, -0.589432418346405, -0.6987855434417725, 0), (-81.3717269897461, 101.98789978027344, 9.635183334350586, 1) ), ( (0.9992955327033997, 0.03742470592260361, 0.0026664570905268192, 0), (0.0006372819188982248, 0.05412565544247627, -0.9985337853431702, 0), (-0.03751394897699356, 0.9978324770927429, 0.05406380817294121, 0), (-34.542972564697266, 118.79991149902344, -8.31690502166748, 1) ), ( (0.9992955327033997, 0.03742470592260361, 0.0026664570905268192, 0), (0.0006372819188982248, 0.05412565544247627, -0.9985337853431702, 0), (-0.03751394897699356, 0.9978324770927429, 0.05406380817294121, 0), (-42.93132400512695, 118.48538208007812, -8.339290618896484, 1) ), ( (0.9992955327033997, 0.03742470592260361, 0.0026664570905268192, 0), (0.0006372819188982248, 0.05412565544247627, -0.9985337853431702, 0), (-0.03751394897699356, 0.9978324770927429, 0.05406380817294121, 0), (-52.02586364746094, 118.14524841308594, -8.363557815551758, 1) ), ( (0.003491682466119528, -0.9987433552742004, 0.04999597370624542, 0), (0.00016682571731507778, -0.049995776265859604, -0.9987494349479675, 0), (0.9999938011169434, 0.0034957160241901875, -0.000007893405381764751, 0), (15.251579284667969, 77.58501434326172, -6.403546333312988, 1) ), ( (0.0034707700833678246, -0.9931403398513794, -0.11687842756509781, 0), (-0.00041646554018370807, 0.11687757819890976, -0.9931463599205017, 0), (0.9999939203262329, 0.0034957181196659803, -0.00000789354817243293, 0), (15.362689018249512, 45.80368423461914, -4.812607765197754, 1) ), ( (-0.09880596399307251, -0.983001172542572, -0.15474554896354675, 0), (0.19536037743091583, -0.17164196074008942, 0.9655952453613281, 0), (-0.9757418036460876, 0.06517533957958221, 0.2089986354112625, 0), (15.46429443359375, 16.730117797851562, -8.234152793884277, 1) ), ( (0.19536204636096954, -0.17163540422916412, 0.9655957818031311, 0), (-0.09880461543798447, -0.983002245426178, -0.15473899245262146, 0), (0.975741446018219, -0.0651751458644867, -0.2089996337890625, 0), (19.5068359375, 3.9920883178710938, 14.611371994018555, 1) ), ( (0.19536301493644714, -0.17163552343845367, 0.9655957221984863, 0), (-0.09880492091178894, -0.9830023646354675, -0.1547389179468155, 0), (0.9757412075996399, -0.06517525762319565, -0.20900072157382965, 0), (20.698501586914062, 2.945159912109375, 20.50130844116211, 1) ), ( (-0.0992659404873848, -0.9825958609580994, -0.15700805187225342, 0), (0.19512781500816345, -0.17394566535949707, 0.9652298092842102, 0), (-0.9757415056228638, 0.06517775356769562, 0.20899860560894012, 0), (15.46429443359375, 16.730125427246094, -8.234153747558594, 1) ), ( (0.0034707123413681984, -0.9934777617454529, -0.11397415399551392, 0), (-0.0004056779434904456, 0.11397334933280945, -0.9934837222099304, 0), (0.9999938011169434, 0.0034943921491503716, -0.000007403429208352463, 0), (15.362695693969727, 45.804386138916016, -4.812532424926758, 1) ), ( (0.0034692329354584217, -0.9931402802467346, -0.11687840521335602, 0), (-0.06562288105487823, 0.11640095710754395, -0.9910318851470947, 0), (0.9978382587432861, 0.01110807340592146, -0.06476885825395584, 0), (15.44598388671875, 34.00956344604492, -6.234690189361572, 1) ), ( (0.0034667348954826593, -0.9931402206420898, -0.11687840521335602, 0), (-0.13054999709129333, 0.11542920768260956, -0.9846993684768677, 0), (0.9914354681968689, 0.018672214820981026, -0.1292542666196823, 0), (15.476170539855957, 25.371891021728516, -7.251221656799316, 1) ), ( (0.0034659523516893387, -0.9931402206420898, -0.11687840521335602, 0), (-0.1968604177236557, 0.11391416192054749, -0.9737913012504578, 0), (0.9804252982139587, 0.026383882388472557, -0.1951151341199875, 0), (15.506356239318848, 16.734214782714844, -8.267755508422852, 1) ), ( (0.0034905325155705214, -0.99874347448349, 0.04999597743153572, 0), (0.00016725224850233644, -0.0499957837164402, -0.9987495541572571, 0), (0.9999938011169434, 0.003494588891044259, -0.000007409902536892332, 0), (15.352489471435547, 72.79529571533203, -6.126282691955566, 1) ), ( (0.0034886826761066914, -0.99874347448349, 0.04999597743153572, 0), (0.00016682571731507778, -0.0499957799911499, -0.9987495541572571, 0), (0.9999938011169434, 0.0034927199594676495, -0.000007743414244032465, 0), (15.390649795532227, 61.882972717285156, -5.580024719238281, 1) ), ( (0.0034889925736933947, -0.99874347448349, 0.04999597743153572, 0), (0.00016809802036732435, -0.0499957799911499, -0.9987495541572571, 0), (0.9999938011169434, 0.0034930931869894266, -0.00000648819650450605, 0), (15.397284507751465, 47.94517135620117, -4.901056289672852, 1) ), ( (0.003480886574834585, 0.9987432360649109, -0.0499960221350193, 0), (0.0001821998885134235, 0.049995776265859604, 0.998749315738678, 0), (0.9999938011169434, -0.003485583234578371, -0.000007881962119427044, 0), (-14.706305503845215, 77.5848388671875, -6.403310298919678, 1) ), ( (0.0034626827109605074, 0.9931401610374451, 0.11687833070755005, 0), (-0.00039950932841748, -0.11687753349542618, 0.9931461811065674, 0), (0.9999938011169434, -0.0034855848643928766, -0.000007881839337642305, 0), (-14.8170804977417, 45.80351638793945, -4.8123698234558105, 1) ), ( (-0.09881334751844406, 0.9830002188682556, 0.1547471284866333, 0), (0.19534330070018768, 0.17164389789104462, -0.9655982851982117, 0), (-0.9757444858551025, -0.06518522650003433, -0.20898328721523285, 0), (-14.918440818786621, 16.72997283935547, -8.23391056060791, 1) ), ( (0.1953449845314026, 0.1716373711824417, -0.9655988812446594, 0), (-0.09881202131509781, 0.983001172542572, 0.15474055707454681, 0), (0.9757442474365234, 0.0651850476861, 0.20898425579071045, 0), (-18.960500717163086, 3.9918975830078125, 14.611677169799805, 1) ), ( (0.1953449845314026, 0.1716374009847641, -0.9655990600585938, 0), (-0.09881167113780975, 0.9830013513565063, 0.1547406166791916, 0), (0.9757441878318787, 0.06518470495939255, 0.20898421108722687, 0), (-20.152042388916016, 2.9449691772460938, 20.50155258178711, 1) ), ( (-0.09927332401275635, 0.9825948476791382, 0.15700961649417877, 0), (0.1951107233762741, 0.17394760251045227, -0.9652329087257385, 0), (-0.9757443070411682, -0.06518764048814774, -0.20898322761058807, 0), (-14.918441772460938, 16.72998809814453, -8.233909606933594, 1) ), ( (0.003462575376033783, 0.9934777021408081, 0.11397408694028854, 0), (-0.0003887451021000743, -0.11397332698106766, 0.9934836626052856, 0), (0.9999938011169434, -0.003484259359538555, -0.00000837229617900448, 0), (-14.817081451416016, 45.80421447753906, -4.812296390533447, 1) ), ( (0.0034626852720975876, 0.9931401610374451, 0.11687831580638885, 0), (-0.06560597568750381, -0.11640150845050812, 0.9910330176353455, 0), (0.9978395104408264, -0.011099487543106079, 0.06475293636322021, 0), (-14.900274276733398, 34.00942611694336, -6.234447956085205, 1) ), ( (0.0034626827109605074, 0.9931401610374451, 0.11687831580638885, 0), (-0.13053320348262787, -0.11543001979589462, 0.98470139503479, 0), (0.9914378523826599, -0.018666140735149384, 0.12923812866210938, 0), (-14.930389404296875, 25.371761322021484, -7.250977993011475, 1) ), ( (0.0034626852720975876, 0.9931401610374451, 0.11687831580638885, 0), (-0.19684383273124695, -0.11391521245241165, 0.9737944602966309, 0), (0.9804285764694214, -0.02637864090502262, 0.1950991451740265, 0), (-14.960500717163086, 16.73406982421875, -8.267513275146484, 1) ), ( (0.003480886807665229, 0.9987433552742004, -0.0499960295855999, 0), (0.00018262660887558013, 0.0499957837164402, 0.9987494349479675, 0), (0.9999938011169434, -0.003485604887828231, -0.000008308153155667242, 0), (-14.807170867919922, 72.79508972167969, -6.12604284286499, 1) ), ( (0.003480886807665229, 0.9987433552742004, -0.0499960295855999, 0), (0.00018219990306533873, 0.0499957837164402, 0.9987494349479675, 0), (0.9999938011169434, -0.0034855834674090147, -0.000007881981218815781, 0), (-14.84520435333252, 61.88276672363281, -5.579783916473389, 1) ), ( (0.003480886807665229, 0.9987433552742004, -0.0499960295855999, 0), (0.00018347226432524621, 0.0499957799911499, 0.9987494349479675, 0), (0.9999938011169434, -0.003485647030174732, -0.000009152759048447479, 0), (-14.851698875427246, 47.94499588012695, -4.90081787109375, 1) )]
