#usda 1.0
(
    endTimeCode = 18
    framesPerSecond = 30
    startTimeCode = 0
    timeCodesPerSecond = 30
)

def SkelRoot "SkelRoot"
{
    def Skeleton "Skeleton" (
        prepend apiSchemas = ["SkelBindingAPI"]
    )
    {
        uniform matrix4d[] bindTransforms = [( (1, 0, 0.000028310092602623627, 0), (0, 1, 0, 0), (-0.000028310092602623627, 0, 1, 0), (-0.7657545208930969, 0, 5.670526027679443, 1) ), ( (-0.000012873863852291834, 1, -0.000026166802854277194, 0), (-0.000028250487957848236, 0.000026106834411621094, 1, 0), (1, 0.000012814998626708984, 0.000028190883313072845, 0), (-0.765807032585144, 70.70845794677734, 7.525135040283203, 1) ), ( (-0.000019807343051070347, 0.9999071955680847, 0.013625088147819042, 0), (-0.00002875829341064673, -0.013625149615108967, 0.9999071955680847, 0), (1, 0.000019354069081600755, 0.000028966233003302477, 0), (-0.7658292055130005, 72.42935180664062, 7.525090217590332, 1) ), ( (-0.000032140953408088535, 0.9992992281913757, 0.03742997720837593, 0), (-0.000049012029194273055, -0.03743003308773041, 0.9992992281913757, 0), (1, 0.000030224309739423916, 0.00005012145993532613, 0), (-0.7659621834754944, 79.14776611328125, 7.616637229919434, 1) ), ( (-0.000044278433051658794, 0.9995640516281128, 0.029529482126235962, 0), (-0.0001324948389083147, -0.029529547318816185, 0.9995640516281128, 0), (1, 0.000040287006413564086, 0.00013368530198931694, 0), (-0.766115128993988, 83.90296936035156, 7.7947492599487305, 1) ), ( (-0.00005016656359657645, 0.9995930194854736, 0.028528034687042236, 0), (-0.00016110904107335955, -0.028528107330203056, 0.9995930790901184, 0), (1, 0.00004549040750134736, 0.00016241533739957958, 0), (-0.7665221691131592, 93.08934783935547, 8.066136360168457, 1) ), ( (0.9505582451820374, -0.1629873663187027, -0.2643372416496277, 0), (0.2573148310184479, -0.06317733228206635, 0.9642601013183594, 0), (-0.1738622486591339, -0.984603226184845, -0.018114598467946053, 0), (4.659940242767334, 106.73421478271484, 9.309285163879395, 1) ), ( (0.9993013739585876, -0.03729495778679848, -0.002374940551817417, 0), (0.0005805163527838886, -0.04805329442024231, 0.9988446235656738, 0), (-0.03736587241292, -0.9981484413146973, -0.04799800366163254, 0), (24.961471557617188, 103.25318908691406, 3.663708209991455, 1) ), ( (0.9808199405670166, -0.045827511698007584, 0.18945200741291046, 0), (-0.19130073487758636, -0.03999841585755348, 0.9807164072990417, 0), (-0.0373658686876297, -0.9981483221054077, -0.04799799621105194, 0), (58.598838806152344, 101.99783325195312, 3.5837645530700684, 1) ), ( (0.980819821357727, -0.04582761228084564, 0.18945196270942688, 0), (-0.19130070507526398, -0.039998386055231094, 0.9807162284851074, 0), (-0.03736599534749985, -0.9981481432914734, -0.04799799248576164, 0), (58.59885787963867, 101.9978256225586, 3.5837650299072266, 0.9999998807907104) ), ( (0.980819821357727, -0.04582761228084564, 0.18945196270942688, 0), (-0.19130070507526398, -0.039998386055231094, 0.9807162284851074, 0), (-0.03736599534749985, -0.9981481432914734, -0.04799799248576164, 0), (70.8330307006836, 101.42617797851562, 5.946880340576172, 0.9999998807907104) ), ( (0.980819821357727, -0.04582761228084564, 0.18945196270942688, 0), (-0.19130070507526398, -0.039998386055231094, 0.9807162284851074, 0), (-0.03736599534749985, -0.9981481432914734, -0.04799799248576164, 0), (81.55909729003906, 100.92501831054688, 8.018688201904297, 0.9999998807907104) ), ( (0.980819821357727, -0.04582761228084564, 0.18945196270942688, 0), (-0.19130070507526398, -0.039998386055231094, 0.9807162284851074, 0), (-0.03736599534749985, -0.9981481432914734, -0.04799799248576164, 0), (88.68814849853516, 100.5919418334961, 9.395712852478027, 0.9999998807907104) ), ( (0.985779345035553, -0.009932411834597588, 0.1677502542734146, 0), (-0.0028927365783602, -0.999106764793396, -0.04215686023235321, 0), (0.16801920533180237, 0.04107213765382767, -0.9849279522895813, 0), (88.68814849853516, 100.5919418334961, 9.395712852478027, 0.9999998807907104) ), ( (0.9369273781776428, -0.13287338614463806, 0.32328304648399353, 0), (-0.12160881608724594, -0.9910591244697571, -0.054894838482141495, 0), (0.327686607837677, 0.0121183842420578, -0.9447089433670044, 0), (94.22883605957031, 99.03801727294922, 12.89188003540039, 1) ), ( (0.8076746463775635, -0.20561866462230682, 0.5526145696640015, 0), (-0.19140839576721191, -0.9779002070426941, -0.08410689234733582, 0), (0.5576956272125244, -0.03784407302737236, -0.8291823863983154, 0), (108.04505157470703, 98.26795196533203, 17.486448287963867, 1) ), ( (0.7919204831123352, -0.2951802909374237, 0.534537672996521, 0), (-0.29364749789237976, -0.9516239166259766, -0.09046164155006409, 0), (0.5353813171386719, -0.0853271484375, -0.8402895331382751, 0), (114.94901275634766, 96.51036071777344, 22.210161209106445, 1) ), ( (0.8489465117454529, -0.1882544606924057, 0.49381232261657715, 0), (-0.21507948637008667, -0.9765934348106384, -0.0025451018009334803, 0), (0.4827326536178589, -0.10404831171035767, -0.8695650100708008, 0), (119.79405975341797, 94.7043685913086, 25.480510711669922, 1) ), ( (0.9783005714416504, -0.10694166272878647, 0.17745840549468994, 0), (-0.09805583208799362, -0.9934817552566528, -0.058133937418460846, 0), (0.18251851201057434, 0.03947163373231888, -0.9824100136756897, 0), (94.88717651367188, 99.54920196533203, 10.878403663635254, 1) ), ( (0.9831385612487793, -0.14608559012413025, 0.10998999327421188, 0), (-0.1482292115688324, -0.9888861179351807, 0.01152757927775383, 0), (0.10708353668451309, -0.027636893093585968, -0.9938658475875854, 0), (108.78765106201172, 99.37142944335938, 13.157868385314941, 1) ), ( (0.9788318872451782, -0.17724427580833435, 0.1023372933268547, 0), (-0.1812010407447815, -0.9829674959182739, 0.03068437986075878, 0), (0.09515558928251266, -0.04857842996716499, -0.9942765235900879, 0), (118.06807708740234, 97.99242401123047, 14.19613265991211, 1) ), ( (0.9963504076004028, -0.02129344269633293, 0.08266084641218185, 0), (-0.030665842816233635, -0.9930269718170166, 0.11382760107517242, 0), (0.07966072112321854, -0.11594699323177338, -0.9900559782981873, 0), (124.62340545654297, 96.80541229248047, 14.881492614746094, 1) ), ( (0.9857789278030396, -0.009937157854437828, 0.16775298118591309, 0), (-0.002901050727814436, -0.9991079568862915, -0.042135629802942276, 0), (0.16802197694778442, 0.0410497784614563, -0.9849281907081604, 0), (88.53488159179688, 100.38818359375, 9.379149436950684, 1) ), ( (0.9903945922851562, -0.09217788279056549, -0.10306219011545181, 0), (-0.048526789993047714, -0.9296770691871643, 0.3651663661003113, 0), (-0.12947484850883484, -0.3566572964191437, -0.9252201318740845, 0), (95.20988464355469, 98.81764221191406, 6.287784576416016, 1) ), ( (0.7582418322563171, -0.24979093670845032, -0.6022236347198486, 0), (-0.1287657469511032, -0.9628748297691345, 0.23725712299346924, 0), (-0.6391308903694153, -0.10235247015953064, -0.7622570991516113, 0), (106.80635070800781, 97.73828125, 5.0814714431762695, 0.9999998807907104) ), ( (0.7002503871917725, -0.268887996673584, -0.6613231301307678, 0), (-0.08324071019887924, -0.9507908225059509, 0.2984426021575928, 0), (-0.7090272903442383, -0.1539355367422104, -0.688174307346344, 0), (112.3131103515625, 95.9241714477539, 0.7078027725219727, 1) ), ( (0.7680085301399231, -0.23365743458271027, -0.5962947010993958, 0), (-0.07042523473501205, -0.9562363624572754, 0.28399452567100525, 0), (-0.6365559697151184, -0.1761157065629959, -0.7508529424667358, 0), (116.09877014160156, 94.47054290771484, -2.867398738861084, 1) ), ( (0.9903147220611572, -0.13248857855796814, 0.04151860252022743, 0), (-0.12942324578762054, -0.9891570210456848, -0.06941671669483185, 0), (0.05026524141430855, 0.06337092816829681, -0.9967234134674072, 0), (95.17705535888672, 99.33777618408203, 8.730345726013184, 1) ), ( (0.959800660610199, -0.15256577730178833, -0.23559778928756714, 0), (-0.12943874299526215, -0.985379695892334, 0.110780730843544, 0), (-0.249054417014122, -0.07583186030387878, -0.9655164480209351, 0), (108.18107604980469, 98.72282409667969, 9.063798904418945, 1) ), ( (0.9520080089569092, -0.1985967755317688, -0.23289591073989868, 0), (-0.15672487020492554, -0.9698915481567383, 0.18640875816345215, 0), (-0.26290374994277954, -0.14096194505691528, -0.9544693827629089, 0), (116.56843566894531, 97.38961029052734, 7.005009651184082, 1.0000001192092896) ), ( (0.9689517021179199, -0.16859547793865204, -0.18085481226444244, 0), (-0.13425204157829285, -0.972995400428772, 0.18776799738407135, 0), (-0.2076275497674942, -0.15765786170959473, -0.9654200673103333, 0), (122.77828979492188, 96.09420013427734, 5.485848903656006, 1) ), ( (0.15900050103664398, -0.3081328570842743, 0.937962532043457, 0), (0.5494183897972107, -0.7617307901382446, -0.3433743417263031, 0), (0.8202796578407288, 0.5699300765991211, 0.048178333789110184, 0), (91.73925018310547, 98.21931457519531, 11.731077194213867, 1) ), ( (0.298374742269516, -0.30054378509521484, 0.9058952331542969, 0), (0.9142408967018127, -0.18258574604988098, -0.36169910430908203, 0), (0.27411001920700073, 0.9361282587051392, 0.22029051184654236, 0), (93.01118469238281, 95.75439453125, 19.23434066772461, 1) ), ( (0.1522817611694336, -0.09102268517017365, 0.9841371178627014, 0), (0.909274160861969, -0.3773401081562042, -0.1755978763103485, 0), (0.38733789324760437, 0.9215906858444214, 0.025302564725279808, 0), (95.27352905273438, 93.4755859375, 26.10308265686035, 1) ), ( (0.07122910767793655, -0.19458192586898804, 0.9782970547676086, 0), (0.9683544635772705, -0.22171054780483246, -0.11460313200950623, 0), (0.23919856548309326, 0.9555011987686157, 0.17263203859329224, 0), (96.46295166015625, 92.7646484375, 33.7897834777832, 1) ), ( (0.9993013739585876, -0.03729495406150818, -0.0023749691899865866, 0), (0.0005805036053061485, -0.04805327579379082, 0.998844563961029, 0), (-0.0373658686876297, -0.9981483221054077, -0.04799797758460045, 0), (38.47934341430664, 102.74871063232422, 3.631582498550415, 1) ), ( (0.9993013739585876, -0.03729495406150818, -0.0023749691899865866, 0), (0.0005805036053061485, -0.04805327579379082, 0.998844563961029, 0), (-0.0373658686876297, -0.9981483221054077, -0.04799797758460045, 0), (48.1557731628418, 102.3875732421875, 3.608583927154541, 1) ), ( (0.9993013739585876, -0.03729495406150818, -0.0023749691899865866, 0), (0.0005805036053061485, -0.04805327579379082, 0.998844563961029, 0), (-0.0373658686876297, -0.9981483221054077, -0.04799797758460045, 0), (58.598838806152344, 101.99783325195312, 3.5837645530700684, 1) ), ( (-0.00009595668961992487, 0.964928388595581, 0.2625131905078888, 0), (-0.00014476467913482338, -0.2625132203102112, 0.9649284482002258, 0), (1, 0.000054529100452782586, 0.00016481816419400275, 0), (-0.7669273018836975, 110.49564361572266, 5.680199146270752, 1) ), ( (-0.00009601093915989622, 0.9649285078048706, 0.2625131607055664, 0), (-0.00014450181333813816, -0.2625131607055664, 0.9649284482002258, 0), (1, 0.00005465044523589313, 0.00016457877063658088, 0), (-0.7679526805877686, 120.80754852294922, 8.485595703125, 1) ), ( (-0.00009601093915989622, 0.9649285078048706, 0.2625131607055664, 0), (-0.00014294427819550037, -0.2625131607055664, 0.9649284482002258, 0), (1, 0.00005505931767402217, 0.00016307583427987993, 0), (-0.7690994143486023, 132.3389892578125, 11.62276840209961, 1) ), ( (-0.00006550179386977106, 0.9999647736549377, 0.008423560298979282, 0), (-0.0001659630797803402, -0.00842360407114029, 0.9999646544456482, 0), (1, 0.00006404185114661232, 0.00016644969582557678, 0), (-0.7690994143486023, 132.3389892578125, 11.62276840209961, 1) ), ( (0.9974626302719116, -0.0010399107122793794, -0.0711735263466835, 0), (-0.00006178403418743983, 0.9998797178268433, -0.015482188202440739, 0), (0.07118161022663116, 0.015447771176695824, 0.997343122959137, 0), (-0.7729595899581909, 148.47889709472656, 28.59181022644043, 1) ), ( (0.9975453019142151, -0.0005245967186056077, 0.07002410292625427, 0), (0.001569970976561308, 0.9998883605003357, -0.014879419468343258, 0), (-0.07000891864299774, 0.014952466823160648, 0.997434675693512, 0), (-9.964777946472168, 148.47833251953125, 28.590280532836914, 1) ), ( (0.9975453019142151, -0.0005245949141681194, 0.07002411037683487, 0), (0.0015699710929766297, 0.9998882412910461, -0.014879454858601093, 0), (-0.07000891119241714, 0.01495243702083826, 0.997434675693512, 0), (-9.964776039123535, 148.47833251953125, 28.59027862548828, 1) ), ( (0.9975683689117432, 0.0006521465256810188, -0.06969411671161652, 0), (-0.0016932045109570026, 0.9998884797096252, -0.01487947441637516, 0), (0.0696764811873436, 0.014961199834942818, 0.9974574446678162, 0), (8.418593406677246, 148.4794921875, 28.593345642089844, 1) ), ( (0.9975681900978088, 0.0006521501345559955, -0.06969409435987473, 0), (-0.0016932046273723245, 0.9998879432678223, -0.014879550784826279, 0), (0.0696764811873436, 0.014961126260459423, 0.9974575042724609, 0), (8.418597221374512, 148.4794921875, 28.593339920043945, 1) ), ( (0.9504573345184326, 0.16307379305362701, 0.2646459937095642, 0), (0.25762227177619934, 0.06320085376501083, -0.964176595211029, 0), (-0.1739574521780014, 0.9845874905586243, 0.018058253452181816, 0), (-6.194636821746826, 106.73336791992188, 9.307511329650879, 1) ), ( (0.9992972016334534, 0.037385858595371246, 0.0026996848173439503, 0), (0.0009007133194245398, 0.048053428530693054, -0.9988440871238708, 0), (-0.03747205808758736, 0.9981449246406555, 0.047985974699258804, 0), (-26.49397850036621, 103.25071716308594, 3.6553521156311035, 1) ), ( (0.980877161026001, 0.04591672867536545, -0.18913322687149048, 0), (-0.19098570942878723, 0.03998112305998802, -0.9807782173156738, 0), (-0.03747207298874855, 0.9981449246406555, 0.0479859858751297, 0), (-60.13079071044922, 101.99286651611328, 3.5644757747650146, 1) ), ( (0.9808771014213562, 0.045916829258203506, -0.1891331672668457, 0), (-0.19098567962646484, 0.03998112678527832, -0.9807780981063843, 0), (-0.03747216984629631, 0.9981447458267212, 0.04798601195216179, 0), (-60.13079071044922, 101.99286651611328, 3.564476728439331, 1) ), ( (0.9808771014213562, 0.045916829258203506, -0.1891331672668457, 0), (-0.19098567962646484, 0.03998112678527832, -0.9807780981063843, 0), (-0.03747216984629631, 0.9981447458267212, 0.04798601195216179, 0), (-72.3661880493164, 101.41962432861328, 5.923671245574951, 1) ), ( (0.9808771014213562, 0.045916829258203506, -0.1891331672668457, 0), (-0.19098567962646484, 0.03998112678527832, -0.9807780981063843, 0), (-0.03747216984629631, 0.9981447458267212, 0.04798601195216179, 0), (-83.09222412109375, 100.91805267333984, 7.991929054260254, 1) ), ( (0.9808771014213562, 0.045916829258203506, -0.1891331672668457, 0), (-0.19098567962646484, 0.03998112678527832, -0.9807780981063843, 0), (-0.03747216984629631, 0.9981447458267212, 0.04798601195216179, 0), (-90.22178649902344, 100.58412170410156, 9.366641998291016, 1) ), ( (0.9858329892158508, 0.010022098198533058, -0.16742993891239166, 0), (-0.002997101517394185, 0.9991064667701721, 0.042156051844358444, 0), (0.16770292818546295, -0.04105693846940994, 0.9849820733070374, 0), (-90.22178649902344, 100.58412170410156, 9.366641998291016, 1) ), ( (0.9370200037956238, 0.13295863568782806, -0.32297858595848083, 0), (-0.12171662598848343, 0.9910479784011841, 0.05485547333955765, 0), (0.32738062739372253, -0.01208867784589529, 0.944814920425415, 0), (-95.76390075683594, 99.02933502197266, 12.86104965209961, 1) ), ( (0.8078356385231018, 0.20569220185279846, -0.5523514747619629, 0), (-0.19152455031871796, 0.9778831005096436, 0.08404483646154404, 0), (0.5574228167533875, 0.03789471089839935, 0.8293635249137878, 0), (-109.58150482177734, 98.25794219970703, 17.45112419128418, 1) ), ( (0.7920675277709961, 0.2952524721622467, -0.5342803001403809, 0), (-0.29376307129859924, 0.9515971541404724, 0.09036636352539062, 0), (0.5351002812385559, 0.08537577837705612, 0.8404630422592163, 0), (-116.4868392944336, 96.49979400634766, 22.172592163085938, 1) ), ( (0.8490896821022034, 0.18833167850971222, -0.4935363531112671, 0), (-0.21516910195350647, 0.976573646068573, 0.0024753541219979525, 0), (0.4824407398700714, 0.10409209877252579, 0.8697214722633362, 0), (-121.33281707763672, 94.69330596923828, 25.441389083862305, 1) ), ( (0.9783483743667603, 0.10703063011169434, -0.1771404892206192, 0), (-0.0981648862361908, 0.993472695350647, 0.058102212846279144, 0), (0.18220283091068268, -0.039455145597457886, 0.982468843460083, 0), (-96.42171478271484, 99.54051971435547, 10.847368240356445, 1) ), ( (0.9831604361534119, 0.1461750566959381, -0.1096704825758934, 0), (-0.14831514656543732, 0.9888724684715271, -0.011575601063668728, 0), (0.10675802081823349, 0.027646536007523537, 0.9939005970954895, 0), (-110.32281494140625, 99.36150360107422, 13.122320175170898, 1) ), ( (0.9788491129875183, 0.17733325064182281, -0.10201921314001083, 0), (-0.18128031492233276, 0.9829511046409607, -0.030743075534701347, 0), (0.09482815861701965, 0.048586972057819366, 0.9943070411682129, 0), (-119.60347747802734, 97.98161315917969, 14.157560348510742, 1) ), ( (0.9963751435279846, 0.021384088322520256, -0.08233708888292313, 0), (-0.03071894869208336, 0.9930239319801331, -0.11383739858865738, 0), (0.07932841777801514, 0.11595404893159866, 0.9900814890861511, 0), (-126.15887451171875, 96.79397583007812, 14.840791702270508, 1) ), ( (0.9858329892158508, 0.010021835565567017, -0.16743001341819763, 0), (-0.002993029775097966, 0.99910569190979, 0.04217860475182533, 0), (0.16770288348197937, -0.04107986390590668, 0.984981119632721, 0), (-90.06855773925781, 100.38040161132812, 9.350131034851074, 1) ), ( (0.9903526902198792, 0.09226789325475693, 0.10338398069143295, 0), (-0.04849248006939888, 0.9296727180480957, -0.36518171429634094, 0), (-0.12980778515338898, 0.35664552450180054, 0.9251774549484253, 0), (-96.74272155761719, 98.80889892578125, 6.256641387939453, 1) ), ( (0.7580236792564392, 0.24985989928245544, 0.6024698615074158, 0), (-0.12877610325813293, 0.9628632664680481, -0.23729872703552246, 0), (-0.6393875479698181, 0.10229425877332687, 0.7620491981506348, 0), (-108.33879852294922, 97.72854614257812, 5.0465569496154785, 1) ), ( (0.7000109553337097, 0.26895174384117126, 0.6615502834320068, 0), (-0.08322997391223907, 0.9507834315299988, -0.29846951365470886, 0), (-0.7092650532722473, 0.15387091040611267, 0.6879436373710632, 0), (-113.84396362304688, 95.91387939453125, 0.6710681915283203, 1) ), ( (0.7677932977676392, 0.2337271124124527, 0.5965440273284912, 0), (-0.0704198032617569, 0.9562296867370605, -0.28401699662208557, 0), (-0.6368156671524048, 0.17605772614479065, 0.7506461143493652, 0), (-117.62824249267578, 94.45985412597656, -2.9052863121032715, 1) ), ( (0.9903160333633423, 0.13257870078086853, -0.0411968007683754, 0), (-0.1295355260372162, 0.989145040512085, 0.06937481462955475, 0), (0.0499470978975296, -0.06336648017168045, 0.9967398047447205, 0), (-96.71080780029297, 99.3290023803711, 8.699213027954102, 1) ), ( (0.959709882736206, 0.15265300869941711, 0.23590943217277527, 0), (-0.1294921487569809, 0.9853677749633789, -0.11082256585359573, 0), (-0.24937497079372406, 0.07580916583538055, 0.9654349088668823, 0), (-109.71493530273438, 98.71275329589844, 9.028433799743652, 1) ), ( (0.9519137740135193, 0.19868333637714386, 0.23320522904396057, 0), (-0.15675228834152222, 0.9698771834373474, -0.18645939230918884, 0), (-0.26322677731513977, 0.1409379243850708, 0.9543836116790771, 0), (-118.10138702392578, 97.37882995605469, 6.96693754196167, 0.9999999403953552) ), ( (0.9688775539398193, 0.16868339478969574, 0.18116946518421173, 0), (-0.1342792510986328, 0.9729827046394348, -0.18781141936779022, 0), (-0.20795542001724243, 0.15763886272907257, 0.9653518795967102, 0), (-124.31060791015625, 96.08283996582031, 5.445751190185547, 0.9999999403953552) ), ( (0.15927736461162567, 0.3081473112106323, -0.9379104971885681, 0), (0.5492374897003174, 0.7617806196212769, 0.343552827835083, 0), (0.820347011089325, -0.5698555111885071, -0.04791189730167389, 0), (-93.27386474609375, 98.21090698242188, 11.701054573059082, 1) ), ( (0.2986416518688202, 0.3005710542201996, -0.9057981967926025, 0), (0.9141066670417786, 0.18266873061656952, 0.3619959056377411, 0), (0.27426645159721375, -0.936103105545044, -0.22020146250724792, 0), (-94.54798126220703, 95.7457046508789, 19.203927993774414, 1) ), ( (0.15259331464767456, 0.09103657305240631, -0.9840870499610901, 0), (0.9091828465461731, 0.3774227499961853, 0.17589335143566132, 0), (0.3874296545982361, -0.9215554594993591, -0.025176862254738808, 0), (-96.81236267089844, 93.46673583984375, 26.071901321411133, 1) ), ( (0.07152923196554184, 0.19458846747875214, -0.9782733917236328, 0), (0.9682968854904175, 0.22179870307445526, 0.11491774022579193, 0), (0.23934127390384674, -0.9554794430732727, -0.1725543737411499, 0), (-98.00428009033203, 92.75578308105469, 33.75825881958008, 0.9999999403953552) ), ( (0.9992970824241638, 0.03738584741950035, 0.0026996545493602753, 0), (0.0009007136686705053, 0.04805343970656395, -0.9988442063331604, 0), (-0.03747205808758736, 0.9981449246406555, 0.047985974699258804, 0), (-40.01124572753906, 102.7454833984375, 3.6188323497772217, 1) ), ( (0.9992970824241638, 0.03738584741950035, 0.0026996545493602753, 0), (0.0009007136686705053, 0.04805343970656395, -0.9988442063331604, 0), (-0.03747205808758736, 0.9981449246406555, 0.047985974699258804, 0), (-49.688255310058594, 102.38304138183594, 3.592689275741577, 1) ), ( (0.9992970824241638, 0.03738584741950035, 0.0026996545493602753, 0), (0.0009007136686705053, 0.04805343970656395, -0.9988442063331604, 0), (-0.03747205808758736, 0.9981449246406555, 0.047985974699258804, 0), (-60.13079071044922, 101.99286651611328, 3.5644757747650146, 1) ), ( (0.003497619414702058, -0.9987149834632874, 0.05056300759315491, 0), (0.0002052712079603225, -0.050562534481287, -0.9987211227416992, 0), (0.9999938607215881, 0.003503465326502919, 0.000028099371775169857, 0), (18.286334991455078, 58.94816207885742, 5.915493488311768, 1) ), ( (0.0035035235341638327, -0.9998635649681091, -0.016156509518623352, 0), (-0.000028450042009353638, 0.016156572848558426, -0.999869704246521, 0), (0.9999938607215881, 0.003503466723486781, 0.00002809924990287982, 0), (18.39299201965332, 28.493606567382812, 7.457348823547363, 1) ), ( (0.09002596884965897, -0.9949217438697815, 0.04501821845769882, 0), (0.19877584278583527, 0.06224184110760689, 0.9780665636062622, 0), (-0.9759013652801514, -0.07910279929637909, 0.2033698409795761, 0), (18.476058959960938, 4.785987854003906, 7.07426118850708, 1) ), ( (0.19877518713474274, 0.06225970759987831, 0.9780653715133667, 0), (0.09002949297428131, -0.9949206113815308, 0.0450357049703598, 0), (0.9759010672569275, 0.07910273224115372, -0.2033708542585373, 0), (23.484893798828125, 0.38283538818359375, 29.397253036499023, 1) ), ( (0.1987762302160263, 0.06225978583097458, 0.9780653119087219, 0), (0.09002921730279922, -0.994920551776886, 0.045035768300294876, 0), (0.9759008884429932, 0.07910238951444626, -0.2033718377351761, 0), (24.30905532836914, 0.6409683227539062, 33.452484130859375, 1) ), ( (0.08955742418766022, -0.9950651526451111, 0.04272592440247536, 0), (0.19898587465286255, 0.05990946292877197, 0.9781695604324341, 0), (-0.9759015440940857, -0.07910045236349106, 0.20336931943893433, 0), (18.47606086730957, 4.786003112792969, 7.0742621421813965, 1) ), ( (0.003502330742776394, -0.9999065399169922, -0.013233054429292679, 0), (-0.000017568412658874877, 0.013233109377324581, -0.9999127984046936, 0), (0.9999938607215881, 0.003502197563648224, 0.00002872046025004238, 0), (18.392995834350586, 28.49437713623047, 7.4573516845703125, 1) ), ( (0.003501986153423786, -0.9998636841773987, -0.016156505793333054, 0), (-0.06612099707126617, 0.015889780595898628, -0.997685432434082, 0), (0.9978055357933044, 0.0045621078461408615, -0.06605641543865204, 0), (18.478099822998047, 17.222503662109375, 7.238541126251221, 1) ), ( (0.0034994883462786674, -0.9998636841773987, -0.016156505793333054, 0), (-0.13192440569400787, 0.015553842298686504, -0.991138219833374, 0), (0.9912537932395935, 0.00559985963627696, -0.13185206055641174, 0), (18.499887466430664, 11.004619598388672, 7.138066291809082, 1) ), ( (0.0034987060353159904, -0.9998636841773987, -0.016156505793333054, 0), (-0.19911538064479828, 0.015136591158807278, -0.9798596501350403, 0), (0.9799699783325195, 0.006645201239734888, -0.19903534650802612, 0), (18.521677017211914, 4.786735534667969, 7.0375895500183105, 1) ), ( (0.0034964694641530514, -0.9987149834632874, 0.05056300014257431, 0), (0.00020569772459566593, -0.050562530755996704, -0.9987211227416992, 0), (0.9999938607215881, 0.003502338193356991, 0.000028583535822690465, 0), (18.39109992980957, 55.0870361328125, 6.151625156402588, 1) ), ( (0.0034946196246892214, -0.9987149834632874, 0.05056300014257431, 0), (0.00020527119340840727, -0.050562530755996704, -0.9987211227416992, 0), (0.9999938607215881, 0.003500469261780381, 0.0000282510845863726, 0), (18.427873611450195, 44.58887481689453, 6.683126926422119, 1) ), ( (0.0034949295222759247, -0.9987149834632874, 0.05056300014257431, 0), (0.00020654349646065384, -0.050562527030706406, -0.9987211227416992, 0), (0.9999938607215881, 0.0035008429549634457, 0.000029506090868380852, 0), (18.430484771728516, 30.815021514892578, 7.360149383544922, 1) ), ( (0.003474760102108121, 0.9987148642539978, -0.05056280642747879, 0), (0.000147541199112311, 0.0505625419318676, 0.9987208843231201, 0), (0.9999939799308777, -0.0034778353292495012, 0.000028282051061978564, 0), (-19.817554473876953, 58.94765090942383, 5.914419174194336, 1) ), ( (0.0034768658224493265, 0.9998635053634644, 0.01615668274462223, 0), (-0.00008452695328742266, -0.016156554222106934, 0.9998695254325867, 0), (0.9999939799308777, -0.003477836726233363, 0.000028282200219109654, 0), (-19.92352294921875, 28.493106842041016, 7.456267833709717, 1) ), ( (0.0900028720498085, 0.9949236512184143, -0.04501314461231232, 0), (0.1988326907157898, -0.06223674118518829, -0.9780550599098206, 0), (-0.975891649723053, 0.07907776534557343, -0.20342479646205902, 0), (-20.005952835083008, 4.785514831542969, 7.073177337646484, 1) ), ( (0.19883206486701965, -0.06225460395216942, -0.978053867816925, 0), (0.09000641107559204, 0.9949225783348083, -0.0450306199491024, 0), (0.9758915901184082, -0.07907769829034805, 0.203425794839859, 0), (-25.015939712524414, 0.38222503662109375, 29.3958797454834, 1) ), ( (0.19883206486701965, -0.06225461885333061, -0.9780539870262146, 0), (0.09000677615404129, 0.9949226975440979, -0.04503056779503822, 0), (0.9758914113044739, -0.07907804101705551, 0.2034258246421814, 0), (-25.840312957763672, 0.6403274536132812, 33.45102310180664, 1) ), ( (0.0895342156291008, 0.9950671792030334, -0.04272087290883064, 0), (0.1990426778793335, -0.059904348105192184, -0.9781578183174133, 0), (-0.9758920669555664, 0.0790754035115242, -0.20342428982257843, 0), (-20.005950927734375, 4.785530090332031, 7.073176383972168, 1) ), ( (0.003475836245343089, 0.9999063611030579, 0.0132332444190979, 0), (-0.00007372264371952042, -0.01323309913277626, 0.9999125003814697, 0), (0.9999939799308777, -0.0034765677992254496, 0.000027660553314490244, 0), (-19.923521041870117, 28.493865966796875, 7.456271648406982, 1) ), ( (0.003476868150755763, 0.9998635053634644, 0.016156690195202827, 0), (-0.06617696583271027, -0.01589135266840458, 0.9976814389228821, 0), (0.9978018999099731, -0.004538069479167461, 0.06611260026693344, 0), (-20.008319854736328, 17.222030639648438, 7.237456321716309, 1) ), ( (0.003476865589618683, 0.9998635053634644, 0.01615668274462223, 0), (-0.1319800168275833, -0.015556675381958485, 0.9911302924156189, 0), (0.991246223449707, -0.0055784499272704124, 0.1319078505039215, 0), (-20.02994155883789, 11.004150390625, 7.136981010437012, 1) ), ( (0.003476868150755763, 0.9998635053634644, 0.01615668274462223, 0), (-0.19917038083076477, -0.015140716917812824, 0.9798479080200195, 0), (0.979958713054657, -0.00662480341270566, 0.19909051060676575, 0), (-20.051555633544922, 4.786262512207031, 7.036503314971924, 1) ), ( (0.003474760102108121, 0.9987148642539978, -0.05056281015276909, 0), (0.00014796791947446764, 0.0505625419318676, 0.9987208843231201, 0), (0.9999939799308777, -0.003477856982499361, 0.00002785589822451584, 0), (-19.922237396240234, 55.08647918701172, 6.150547981262207, 1) ), ( (0.003474760102108121, 0.9987148642539978, -0.05056281015276909, 0), (0.00014754121366422623, 0.0505625419318676, 0.9987208843231201, 0), (0.9999939799308777, -0.0034778353292495012, 0.000028282056518946774, 0), (-19.958763122558594, 44.58833312988281, 6.682046890258789, 1) ), ( (0.003474760102108121, 0.9987148642539978, -0.05056281015276909, 0), (0.0001488135603722185, 0.0505625382065773, 0.9987208843231201, 0), (0.9999939799308777, -0.003477899357676506, 0.000027011314159608446, 0), (-19.961063385009766, 30.81452178955078, 7.359067440032959, 1) )]
