#usda 1.0
(
    endTimeCode = 18
    framesPerSecond = 30
    startTimeCode = 0
    timeCodesPerSecond = 30
)

def SkelRoot "SkelRoot"
{
    def Skeleton "Skeleton" (
        prepend apiSchemas = ["SkelBindingAPI"]
    )
    {
        uniform matrix4d[] bindTransforms = [( (1, 0, 0.000019735034584300593, 0), (0, 1, 0, 0), (-0.000019735034584300593, 0, 1, 0), (0.55906081199646, 0, -0.8631109595298767, 1) ), ( (0.000021218096662778407, 1, 0.0000585917841817718, 0), (-0.000019794639229075983, -0.000058650970458984375, 1, 0), (1, -0.000021278858184814453, 0.000019735034584300593, 0), (0.5590288639068604, 68.48178100585938, 0.7542751431465149, 1) ), ( (0.000023557611712021753, 0.9998623728752136, 0.01659161038696766, 0), (-0.000020630357539630495, -0.016591669991612434, 0.9998623728752136, 0), (1, -0.000023956261429702863, 0.000020178300474071875, 0), (0.5590608716011047, 69.98255920410156, 0.7543631196022034, 1) ), ( (0.00002652453440532554, 0.9973982572555542, 0.07208960503339767, 0), (-0.000036652352719102055, -0.07208966463804245, 0.9973981380462646, 0), (1, -0.000029157376047805883, 0.00003458648279774934, 0), (0.5592235922813416, 76.89708709716797, 0.8691020607948303, 1) ), ( (0.000029937471481389366, 0.9958145022392273, 0.09139647334814072, 0), (-0.00009637558105168864, -0.09139654040336609, 0.9958145022392273, 0), (1, -0.000038680162106174976, 0.00009317765943706036, 0), (0.5593618154525757, 82.08927917480469, 1.2443807125091553, 1) ), ( (0.00003139121690765023, 0.9957215785980225, 0.09240540862083435, 0), (-0.0001167353184428066, -0.09240546077489853, 0.9957215785980225, 0), (1, -0.00004210349288769066, 0.00011327677930239588, 0), (0.5596174001693726, 90.59629821777344, 2.025160789489746, 1) ), ( (0.9505326747894287, -0.14581945538520813, -0.2742701470851898, 0), (0.25733426213264465, -0.12485864758491516, 0.958221971988678, 0), (-0.173972487449646, -0.9814004302024841, -0.08115778863430023, 0), (5.289362907409668, 102.40179443359375, 3.867952823638916, 1) ), ( (0.9992974996566772, -0.0371754951775074, -0.004794260021299124, 0), (0.0006027256022207439, -0.11195351183414459, 0.9937132596969604, 0), (-0.037478454411029816, -0.9930180311203003, -0.11185237020254135, 0), (22.986772537231445, 99.68684387207031, -1.2385175228118896, 1) ), ( (0.9992572069168091, -0.036239445209503174, -0.013090889900922775, 0), (0.008946014568209648, -0.11225999891757965, 0.9936385154724121, 0), (-0.03747846186161041, -0.993017852306366, -0.11185237020254135, 0), (51.447837829589844, 98.62806701660156, -1.3750628232955933, 1) ), ( (0.9992572665214539, -0.03623951971530914, -0.013090871274471283, 0), (0.008946018293499947, -0.11225999146699905, 0.9936386346817017, 0), (-0.03747856616973877, -0.993017852306366, -0.11185235530138016, 0), (51.447845458984375, 98.62806701660156, -1.375066876411438, 1) ), ( (0.9992572665214539, -0.03623951971530914, -0.013090871274471283, 0), (0.008946018293499947, -0.11225999146699905, 0.9936386346817017, 0), (-0.03747856616973877, -0.993017852306366, -0.11185235530138016, 0), (62.3177375793457, 98.23383331298828, -1.5174715518951416, 1) ), ( (0.9992572665214539, -0.03623951971530914, -0.013090871274471283, 0), (0.008946018293499947, -0.11225999146699905, 0.9936386346817017, 0), (-0.03747856616973877, -0.993017852306366, -0.11185235530138016, 0), (71.67290496826172, 97.8945541381836, -1.6400272846221924, 1) ), ( (0.9992572665214539, -0.03623951971530914, -0.013090871274471283, 0), (0.008946018293499947, -0.11225999146699905, 0.9936386346817017, 0), (-0.03747856616973877, -0.993017852306366, -0.11185235530138016, 0), (77.30807495117188, 97.69020080566406, -1.713852882385254, 1) ), ( (0.9994650483131409, 0.0011779919732362032, -0.032684579491615295, 0), (-0.0025264050345867872, -0.9935846924781799, -0.11306431889533997, 0), (-0.03260805830359459, 0.11308640241622925, -0.9930500388145447, 0), (77.30807495117188, 97.69020080566406, -1.713852882385254, 1) ), ( (0.983763575553894, -0.13333824276924133, 0.120123490691185, 0), (-0.12145862728357315, -0.9874098896980286, -0.10133632272481918, 0), (0.1321231722831726, 0.08510103076696396, -0.9875736236572266, 0), (81.59739685058594, 96.52766418457031, -0.17501044273376465, 1) ), ( (0.8126054406166077, -0.48481300473213196, 0.3234643340110779, 0), (-0.48826876282691956, -0.8693461418151855, -0.07636238634586334, 0), (0.3182239234447479, -0.0958850234746933, -0.9431540966033936, 0), (86.79647827148438, 96.65557861328125, 0.40602147579193115, 0.9999999403953552) ), ( (0.5509747266769409, -0.7883656620979309, 0.2736912667751312, 0), (-0.78584223985672, -0.6005126237869263, -0.14777208864688873, 0), (0.2808534502983093, -0.13365937769412994, -0.9503979682922363, 0), (89.62342071533203, 94.9689712524414, 1.5313230752944946, 0.9999999403953552) ), ( (0.40745115280151367, -0.8912475109100342, 0.1991504430770874, 0), (-0.8854515552520752, -0.43892475962638855, -0.15271015465259552, 0), (0.223514586687088, -0.11411619931459427, -0.9679971933364868, 0), (90.60513305664062, 93.56424713134766, 2.0189833641052246, 0.9999999403953552) ), ( (0.9949260354042053, -0.09641735255718231, -0.02874312922358513, 0), (-0.09900809824466705, -0.9890590310096741, -0.1093587651848793, 0), (-0.017884543165564537, 0.11164970695972443, -0.9935867786407471, 0), (81.76371002197266, 96.99180603027344, -1.6150145530700684, 1) ), ( (0.8589068651199341, -0.4642586410045624, -0.2162007838487625, 0), (-0.48811689019203186, -0.8698652386665344, -0.07125162333250046, 0), (-0.15498638153076172, 0.16672980785369873, -0.9737457633018494, 0), (86.63795471191406, 97.46174621582031, -1.8542994260787964, 1) ), ( (0.6040917038917542, -0.7640988826751709, -0.22633138298988342, 0), (-0.7778227925300598, -0.6271343231201172, 0.041164331138134, 0), (-0.17339372634887695, 0.15117861330509186, -0.9731799364089966, 0), (90.16096496582031, 95.55746459960938, -2.7410995960235596, 1) ), ( (0.48788848519325256, -0.8469797968864441, -0.21116498112678528, 0), (-0.8424791097640991, -0.520209789276123, 0.14003728330135345, 0), (-0.2284587174654007, 0.10957960039377213, -0.96736741065979, 0), (91.48158264160156, 93.88704681396484, -3.2358906269073486, 1) ), ( (0.9994651079177856, 0.001172988791950047, -0.03268229588866234, 0), (-0.0025303116999566555, -0.9935872554779053, -0.11304198205471039, 0), (-0.03260521590709686, 0.11306415498256683, -0.9930523037910461, 0), (77.2021484375, 97.54660034179688, -1.7142024040222168, 1) ), ( (0.9505748748779297, -0.06197487190365791, -0.30424779653549194, 0), (0.03357250243425369, -0.9536176919937134, 0.2991426885128021, 0), (-0.30867519974708557, -0.2945718765258789, -0.9044042825698853, 0), (81.34809875488281, 96.7095947265625, -4.830653667449951, 1) ), ( (0.4662097692489624, -0.45359155535697937, -0.759541392326355, 0), (-0.4782616198062897, -0.85150545835495, 0.21495293080806732, 0), (-0.7442541718482971, 0.2630462348461151, -0.6139155626296997, 0), (84.38553619384766, 96.51151275634766, -5.802506446838379, 1) ), ( (0.21959102153778076, -0.7202803492546082, -0.6580086946487427, 0), (-0.5356786251068115, -0.652721643447876, 0.5357260704040527, 0), (-0.8153695464134216, 0.23484079539775848, -0.5291712284088135, 0), (85.58882141113281, 95.34072875976562, -7.762973785400391, 0.9999998807907104) ), ( (0.1616102159023285, -0.8739569187164307, -0.4583463668823242, 0), (-0.5941981077194214, -0.4569989740848541, 0.6618768572807312, 0), (-0.7879155278205872, 0.16538238525390625, -0.5931594371795654, 0), (85.87090301513672, 94.41556549072266, -8.608169555664062, 1) ), ( (0.9797483682632446, -0.11219888180494308, -0.165846049785614, 0), (-0.13203437626361847, -0.9846863746643066, -0.1138385534286499, 0), (-0.1505337804555893, 0.13343048095703125, -0.9795589447021484, 0), (81.6634750366211, 96.95316314697266, -3.1323397159576416, 1) ), ( (0.7459926605224609, -0.44436994194984436, -0.49601465463638306, 0), (-0.47396573424339294, -0.8774880170822144, 0.07329263538122177, 0), (-0.46781569719314575, 0.18041816353797913, -0.8652155995368958, 0), (85.73091125488281, 97.2769546508789, -3.914595365524292, 1) ), ( (0.5045328140258789, -0.7615293860435486, -0.4068412482738495, 0), (-0.701708197593689, -0.6362181305885315, 0.32067474722862244, 0), (-0.5030429363250732, 0.12369291484355927, -0.8553641438484192, 0), (88.42546844482422, 95.67185974121094, -5.706231117248535, 1) ), ( (0.31923097372055054, -0.9134618639945984, -0.25234583020210266, 0), (-0.819160521030426, -0.39986875653266907, 0.411194771528244, 0), (-0.4765157997608185, 0.07544564455747604, -0.8759227395057678, 0), (89.46710968017578, 94.09967803955078, -6.546164035797119, 1) ), ( (0.2837928235530853, -0.11760123819112778, 0.9516468644142151, 0), (0.6036847233772278, -0.7491666078567505, -0.2726057767868042, 0), (0.7450007796287537, 0.6518582105636597, -0.14161407947540283, 0), (79.7365951538086, 95.9734878540039, -0.6632970571517944, 1) ), ( (0.39609935879707336, -0.16378840804100037, 0.9034815430641174, 0), (0.8716973066329956, -0.24211572110652924, -0.4260566830635071, 0), (0.28853029012680054, 0.9563227295875549, 0.0468720942735672, 0), (79.90814971923828, 95.90242004394531, -0.08814382553100586, 1) ), ( (0.4344375729560852, -0.0284492839127779, 0.9002527594566345, 0), (0.8164597749710083, -0.40962034463882446, -0.4069458842277527, 0), (0.3803391456604004, 0.9118122458457947, -0.15472672879695892, 0), (81.01895904541016, 95.44306945800781, 2.445608377456665, 1) ), ( (0.362591028213501, -0.1323818564414978, 0.9224985837936401, 0), (0.8882201910018921, -0.25056424736976624, -0.3850748538970947, 0), (0.2821221649646759, 0.9590061902999878, 0.026731908321380615, 0), (82.30662536621094, 95.35875701904297, 5.113870620727539, 1) ), ( (0.9992972612380981, -0.03717543184757233, -0.004794338718056679, 0), (0.0006026960909366608, -0.111953504383564, 0.9937132000923157, 0), (-0.03747844696044922, -0.9930179119110107, -0.11185236275196075, 0), (34.7755126953125, 99.24827575683594, -1.2950788736343384, 1) ), ( (0.9992972612380981, -0.03717543184757233, -0.004794338718056679, 0), (0.0006026960909366608, -0.111953504383564, 0.9937132000923157, 0), (-0.03747844696044922, -0.9930179119110107, -0.11185236275196075, 0), (42.77739715576172, 98.95060729980469, -1.333467960357666, 1) ), ( (0.9992972612380981, -0.03717543184757233, -0.004794338718056679, 0), (0.0006026960909366608, -0.111953504383564, 0.9937132000923157, 0), (-0.03747844696044922, -0.9930179119110107, -0.11185236275196075, 0), (51.447837829589844, 98.62806701660156, -1.3750628232955933, 1) ), ( (-0.000017027026842697524, 0.9394536018371582, 0.34267574548721313, 0), (-0.00012082632019883022, -0.3426757752895355, 0.9394537210464478, 0), (1, -0.0000254677543125581, 0.00011928711319342256, 0), (0.5603854060173035, 105.878173828125, 0.919603168964386, 1) ), ( (-0.000017081261830753647, 0.9394536018371582, 0.34267571568489075, 0), (-0.000120563454402145, -0.3426758050918579, 0.9394537210464478, 0), (1, -0.000025326726245111786, 0.0001190587499877438, 0), (0.5601912140846252, 116.59297180175781, 4.827942371368408, 1) ), ( (-0.000017081261830753647, 0.9394536018371582, 0.34267571568489075, 0), (-0.00011900591925950721, -0.3426758050918579, 0.9394537210464478, 0), (1, -0.000024792994736344554, 0.00011759552580770105, 0), (0.5596941113471985, 144.01797485351562, 14.831496238708496, 1) ), ( (0.000012407243048073724, 0.9957110285758972, 0.09251657128334045, 0), (-0.00011299842299195006, -0.09251666814088821, 0.995711088180542, 0), (1, -0.00002286788003402762, 0.00011130754137411714, 0), (0.5596941113471985, 144.01797485351562, 14.831496238708496, 1) ), ( (0.9974589943885803, 0.004878812935203314, -0.07106851041316986, 0), (0.000014836608897894621, 0.9976374506950378, 0.06868844479322433, 0), (0.07123628258705139, -0.06851451843976974, 0.9951030611991882, 0), (0.5586472153663635, 153.04238891601562, 26.0798397064209, 1) ), ( (0.997549295425415, -0.006486071273684502, 0.06967192143201828, 0), (0.0016466246452182531, 0.9975951313972473, 0.06928964704275131, 0), (-0.06995426118373871, -0.06900550425052643, 0.9951609373092651, 0), (-5.101537704467773, 153.04254150390625, 26.079214096069336, 1) ), ( (0.9975491762161255, -0.006486075930297375, 0.06967195123434067, 0), (0.0016466245288029313, 0.9975954294204712, 0.06928970664739609, 0), (-0.06995426118373871, -0.06900548189878464, 0.9951608777046204, 0), (-5.101537227630615, 153.04254150390625, 26.079212188720703, 0.9999998807907104) ), ( (0.9975643157958984, 0.006440407130867243, -0.06945198029279709, 0), (-0.0016165509587153792, 0.9975951910018921, 0.06928973644971848, 0), (0.06973113119602203, -0.06900884956121445, 0.995175838470459, 0), (6.218672752380371, 153.042236328125, 26.080463409423828, 1) ), ( (0.997564435005188, 0.0064404066652059555, -0.06945197284221649, 0), (-0.0016165501438081264, 0.9975951910018921, 0.06928976625204086, 0), (0.06973114609718323, -0.06900889426469803, 0.9951759576797485, 0), (6.218671798706055, 153.04226684570312, 26.08047103881836, 1) ), ( (0.9504829049110413, 0.14573943614959717, 0.274485319852829, 0), (0.25756198167800903, 0.12483702600002289, -0.958163321018219, 0), (-0.17390799522399902, 0.9814149737358093, 0.08111853897571564, 0), (-4.169558525085449, 102.4018783569336, 3.866851329803467, 1) ), ( (0.9992989897727966, 0.037091173231601715, 0.005020760931074619, 0), (0.0008373773307539523, 0.11195357888936996, -0.9937131404876709, 0), (-0.03741998225450516, 0.9930208921432495, 0.11184404045343399, 0), (-21.865999221801758, 99.68858337402344, -1.243607997894287, 1) ), ( (0.9992575645446777, 0.036155201494693756, 0.01331727858632803, 0), (0.009180665016174316, 0.11225930601358414, -0.993636429309845, 0), (-0.03741999715566635, 0.9930208921432495, 0.11184404045343399, 0), (-50.32677459716797, 98.63273620605469, -1.3865747451782227, 1) ), ( (0.9992572665214539, 0.03615528345108032, 0.013317295350134373, 0), (0.009180734865367413, 0.11225935071706772, -0.9936364889144897, 0), (-0.03742010146379471, 0.9930208921432495, 0.11184406280517578, 0), (-50.32676696777344, 98.63272094726562, -1.3865742683410645, 1) ), ( (0.9992572665214539, 0.03615528345108032, 0.013317295350134373, 0), (0.009180734865367413, 0.11225935071706772, -0.9936364889144897, 0), (-0.03742010146379471, 0.9930208921432495, 0.11184406280517578, 0), (-61.19706726074219, 98.2389907836914, -1.5315104722976685, 1) ), ( (0.9992572665214539, 0.03615528345108032, 0.013317295350134373, 0), (0.009180734865367413, 0.11225935071706772, -0.9936364889144897, 0), (-0.03742010146379471, 0.9930208921432495, 0.11184406280517578, 0), (-70.55171966552734, 97.9010009765625, -1.6561014652252197, 1) ), ( (0.9992572665214539, 0.03615528345108032, 0.013317295350134373, 0), (0.009180734865367413, 0.11225935071706772, -0.9936364889144897, 0), (-0.03742010146379471, 0.9930208921432495, 0.11184406280517578, 0), (-76.18698120117188, 97.69694519042969, -1.731223225593567, 1) ), ( (0.9994576573371887, -0.0012622063513845205, 0.03291105479001999, 0), (-0.0024681284558027983, 0.9935848116874695, 0.11306387931108475, 0), (-0.03284267336130142, -0.11308372765779495, 0.9930424690246582, 0), (-76.18698120117188, 97.69694519042969, -1.731223225593567, 1) ), ( (0.9838019609451294, 0.1332552433013916, -0.11990059912204742, 0), (-0.1213982030749321, 0.9874202609062195, 0.10130899399518967, 0), (0.13189204037189484, -0.08511225134134293, 0.9876033663749695, 0), (-80.47704315185547, 96.5345230102539, -0.19339334964752197, 1) ), ( (0.8127192854881287, 0.4847446382045746, -0.3232802152633667, 0), (-0.48821261525154114, 0.8693875670433044, 0.07625192403793335, 0), (0.3180183172225952, 0.09585807472467422, 0.9432259202003479, 0), (-85.67618560791016, 96.662841796875, 0.3864457309246063, 1.0000001192092896) ), ( (0.5511035323143005, 0.7883186340332031, -0.2735663056373596, 0), (-0.7858248353004456, 0.6005788445472717, 0.147594153881073, 0), (0.2806492745876312, 0.13363569974899292, 0.9504616856575012, 0), (-88.50357055664062, 94.97650146484375, 1.511124849319458, 1) ), ( (0.407571405172348, 0.8912135362625122, -0.19905798137187958, 0), (-0.8854489922523499, 0.4389992952346802, 0.1525096446275711, 0), (0.22330498695373535, 0.1140972301363945, 0.9680476188659668, 0), (-89.48551940917969, 93.57183074951172, 1.9985473155975342, 1) ), ( (0.9949271082878113, 0.09633346647024155, 0.028968552127480507, 0), (-0.0989493802189827, 0.989067554473877, 0.10933651775121689, 0), (-0.01811915449798107, -0.11164829879999161, 0.9935827255249023, 0), (-80.64300537109375, 96.99871826171875, -1.6334452629089355, 1) ), ( (0.8588970899581909, 0.46418625116348267, 0.21639546751976013, 0), (-0.4880596101284027, 0.8699063062667847, 0.07114114612340927, 0), (-0.1552211344242096, -0.1667167991399765, 0.9737102389335632, 0), (-85.51713562011719, 97.46907043457031, -1.8738288879394531, 1) ), ( (0.6041051745414734, 0.7640482187271118, 0.22646832466125488, 0), (-0.7777602076530457, 0.6272003054618835, -0.041340362280607224, 0), (-0.17362695932388306, -0.15116405487060547, 0.9731408357620239, 0), (-89.04007720947266, 95.56510925292969, -2.7614188194274902, 1.0000001192092896) ), ( (0.4879118800163269, 0.8469381332397461, 0.21127568185329437, 0), (-0.8424037098884583, 0.5202804207801819, -0.1402280628681183, 0), (-0.22868721187114716, -0.10956041514873505, 0.9673148393630981, 0), (-90.36075592041016, 93.8947525024414, -3.2565219402313232, 1) ), ( (0.9994575381278992, -0.0012624538503587246, 0.032911017537117004, 0), (-0.002468653256073594, 0.9935822486877441, 0.11308666318655014, 0), (-0.032842591404914856, -0.11310654878616333, 0.9930400252342224, 0), (-76.08104705810547, 97.5533447265625, -1.7315469980239868, 1) ), ( (0.9505112171173096, 0.06189470365643501, 0.3044629395008087, 0), (0.03372079133987427, 0.9536148309707642, -0.2991349399089813, 0), (-0.30885520577430725, 0.2945977747440338, 0.904334306716919, 0), (-80.22663116455078, 96.7164535522461, -4.848978519439697, 1) ), ( (0.4660756587982178, 0.45355233550071716, 0.7596468329429626, 0), (-0.478140652179718, 0.851545512676239, -0.21506108343601227, 0), (-0.7444149851799011, -0.262983500957489, 0.6137467622756958, 0), (-83.26387023925781, 96.51866149902344, -5.821528434753418, 1) ), ( (0.21950273215770721, 0.7202619314193726, 0.6580588221549988, 0), (-0.5355026125907898, 0.6527670621871948, -0.5358472466468811, 0), (-0.8155092000961304, -0.2347719967365265, 0.5289863348007202, 0), (-84.46685791015625, 95.34795379638672, -7.782279014587402, 1) ), ( (0.16158020496368408, 0.8739433884620667, 0.4583829939365387, 0), (-0.5940094590187073, 0.45704880356788635, -0.6620111465454102, 0), (-0.7880635261535645, -0.16531600058078766, 0.5929804444313049, 0), (-84.74874877929688, 94.42282104492188, -8.627481460571289, 1) ), ( (0.9797199964523315, 0.11211629211902618, 0.16606804728507996, 0), (-0.1319769322872162, 0.9846975207328796, 0.1138087660074234, 0), (-0.1507670283317566, -0.13341788947582245, 0.9795246124267578, 0), (-80.54240417480469, 96.96002197265625, -3.150740146636963, 1) ), ( (0.745917558670044, 0.44430702924728394, 0.49618369340896606, 0), (-0.4738747775554657, 0.8775275945663452, -0.07339982688426971, 0), (-0.46802690625190735, -0.1803787797689438, 0.8651095032691956, 0), (-84.60961151123047, 97.28410339355469, -3.9339373111724854, 1) ), ( (0.5045047402381897, 0.7614866495132446, 0.4069555699825287, 0), (-0.7015817165374756, 0.6362771987915039, -0.3208337426185608, 0), (-0.5032474398612976, -0.12365058809518814, 0.85524982213974, 0), (-87.30393981933594, 95.67926025390625, -5.72617244720459, 0.9999999403953552) ), ( (0.3192508816719055, 0.9134352207183838, 0.25241827964782715, 0), (-0.8190333843231201, 0.39993804693222046, -0.41137993335723877, 0), (-0.47672033309936523, -0.07540552318096161, 0.8758144378662109, 0), (-88.345458984375, 94.107177734375, -6.566334247589111, 0.9999999403953552) ), ( (0.2840184271335602, 0.11757741123437881, -0.9515823721885681, 0), (0.6036860346794128, 0.7491159439086914, 0.27274271845817566, 0), (0.7449137568473816, -0.6519210934638977, 0.1417827606201172, 0), (-78.61614990234375, 95.980224609375, -0.6812610626220703, 1) ), ( (0.39631763100624084, 0.16375504434108734, -0.9033917784690857, 0), (0.8716210126876831, 0.2420421689748764, 0.42625412344932556, 0), (0.28845998644828796, -0.9563472867012024, -0.04680692031979561, 0), (-78.7878189086914, 95.90906524658203, -0.1061055064201355, 1) ), ( (0.4346439838409424, 0.02841274067759514, -0.9001538753509521, 0), (0.8164014220237732, 0.40955138206481934, 0.4071309268474579, 0), (0.38022705912590027, -0.9118444323539734, 0.15481270849704742, 0), (-79.89926147460938, 95.44983673095703, 2.427366018295288, 1) ), ( (0.36281123757362366, 0.132351353764534, -0.9224162101745605, 0), (0.8881540298461914, 0.25048956274986267, 0.3852761387825012, 0), (0.28204724192619324, -0.9590297937393188, -0.026668118312954903, 0), (-81.18757629394531, 95.36567687988281, 5.095345497131348, 1) ), ( (0.9992989897727966, 0.03709118813276291, 0.005020761862397194, 0), (0.0008373495074920356, 0.11195354908704758, -0.9937130808830261, 0), (-0.03741998225450516, 0.9930209517478943, 0.1118440255522728, 0), (-33.654300689697266, 99.25149536132812, -1.3028109073638916, 1) ), ( (0.9992989897727966, 0.03709118813276291, 0.005020761862397194, 0), (0.0008373495074920356, 0.11195354908704758, -0.9937130808830261, 0), (-0.03741998225450516, 0.9930209517478943, 0.1118440255522728, 0), (-41.65672302246094, 98.9541015625, -1.3430404663085938, 1) ), ( (0.9992989897727966, 0.03709118813276291, 0.005020761862397194, 0), (0.0008373495074920356, 0.11195354908704758, -0.9937130808830261, 0), (-0.03741998225450516, 0.9930209517478943, 0.1118440255522728, 0), (-50.32677459716797, 98.63273620605469, -1.3865747451782227, 1) ), ( (0.003469315590336919, -0.9998700022697449, -0.015759946778416634, 0), (-0.000034682845580391586, 0.01575998216867447, -0.9998759627342224, 0), (0.9999939799308777, 0.0034693717025220394, 0.000019939438061555848, 0), (16.62520408630371, 58.22529602050781, -0.6504980325698853, 1) ), ( (0.003459187690168619, -0.9965642690658569, -0.0827522873878479, 0), (-0.00026717441505752504, 0.08275191485881805, -0.996570348739624, 0), (0.9999939799308777, 0.0034693728666752577, 0.000019939394405810162, 0), (16.7237491607666, 29.822723388671875, -1.0981791019439697, 1) ), ( (0.08973238617181778, -0.9957290291786194, -0.021727794781327248, 0), (0.19872985780239105, -0.003476661629974842, 0.9800479412078857, 0), (-0.9759373068809509, -0.0922599583864212, 0.19756914675235748, 0), (16.799028396606445, 8.137229919433594, -2.898892402648926, 1) ), ( (0.1987307071685791, -0.0034744376316666603, 0.9800477027893066, 0), (0.089732825756073, -0.9957288503646851, -0.021725641563534737, 0), (0.9759371876716614, 0.09225998818874359, -0.19757017493247986, 0), (19.91496467590332, 2.3558690547943115, 9.79321002960205, 0.9999999403953552) ), ( (0.19873172044754028, -0.0034743351861834526, 0.9800475835800171, 0), (0.08973252773284912, -0.9957289695739746, -0.021725568920373917, 0), (0.9759371280670166, 0.09225970506668091, -0.19757123291492462, 0), (20.728174209594727, 2.3416748046875, 13.803624153137207, 1) ), ( (0.08926396816968918, -0.995718240737915, -0.024024581536650658, 0), (0.1989392638206482, -0.0058107697404921055, 0.9799942970275879, 0), (-0.9759377837181091, -0.09225761145353317, 0.19756881892681122, 0), (16.79902458190918, 8.137237548828125, -2.898892402648926, 0.9999999403953552) ), ( (0.0034586929250508547, -0.9968017339706421, -0.07983818650245667, 0), (-0.0002564213646110147, 0.07983782887458801, -0.996807873249054, 0), (0.9999939799308777, 0.003468065522611141, 0.000020474679331528023, 0), (16.7237606048584, 29.82339096069336, -1.0981311798095703, 1) ), ( (0.003457650076597929, -0.9965642094612122, -0.0827522873878479, 0), (-0.066263347864151, 0.08234262466430664, -0.9943987727165222, 0), (0.9977961778640747, 0.008921670727431774, -0.06575103104114532, 0), (16.798282623291016, 19.812164306640625, -1.9615364074707031, 1) ), ( (0.0034551522694528103, -0.9965642094612122, -0.0827522873878479, 0), (-0.1319706290960312, 0.08157462626695633, -0.9878913760185242, 0), (0.9912474751472473, 0.014334131963551044, -0.13123540580272675, 0), (16.81854248046875, 13.976093292236328, -2.446150779724121, 1) ), ( (0.0034543699584901333, -0.9965642094612122, -0.0827522873878479, 0), (-0.19906407594680786, 0.08041135966777802, -0.9766818881034851, 0), (0.97998046875, 0.019846778362989426, -0.1981024146080017, 0), (16.83879852294922, 8.1400146484375, -2.93076753616333, 1) ), ( (0.003468165174126625, -0.9998699426651001, -0.015759946778416634, 0), (-0.00003425630711717531, 0.01575998030602932, -0.9998759627342224, 0), (0.9999939799308777, 0.003468214999884367, 0.000020347792087704875, 0), (16.718570709228516, 54.2481689453125, -0.6777940988540649, 1) ), ( (0.003466315334662795, -0.9998699426651001, -0.015759946778416634, 0), (-0.00003468284194241278, 0.01575997844338417, -0.9998759627342224, 0), (0.9999939799308777, 0.0034663721453398466, 0.000019892160707968287, 0), (16.75247573852539, 44.47859191894531, -0.8317819237709045, 1) ), ( (0.0034666252322494984, -0.9998699426651001, -0.015759946778416634, 0), (-0.00003341054616612382, 0.01575998216867447, -0.9998759627342224, 0), (0.9999939799308777, 0.0034666620194911957, 0.00002116918949468527, 0), (16.75650978088379, 31.84838104248047, -1.0485512018203735, 1) ), ( (0.003511124523356557, 0.9998697638511658, 0.015760084614157677, 0), (-0.00007493355224141851, -0.01575997658073902, 0.9998759031295776, 0), (0.9999938607215881, -0.003511928953230381, 0.000019530392819433473, 0), (-15.50752067565918, 58.22595977783203, -0.6511321663856506, 1) ), ( (0.0034982047509402037, 0.9965640902519226, 0.08275240659713745, 0), (-0.00031013734405860305, -0.08275189250707626, 0.9965702295303345, 0), (0.9999938607215881, -0.0035119305830448866, 0.00001953042738023214, 0), (-15.60727310180664, 29.823394775390625, -1.0988171100616455, 1) ), ( (0.08977377414703369, 0.9957250356674194, 0.021731341257691383, 0), (0.19876880943775177, 0.0034682052209973335, -0.9800398945808411, 0), (-0.9759256839752197, 0.09230147302150726, -0.19760766625404358, 0), (-15.683380126953125, 8.137943267822266, -2.899531602859497, 1) ), ( (0.19876965880393982, 0.003465980291366577, -0.9800398349761963, 0), (0.0897742360830307, 0.9957250952720642, 0.021729186177253723, 0), (0.9759255647659302, -0.09230151027441025, 0.19760870933532715, 0), (-18.80006980895996, 2.3567123413085938, 9.792444229125977, 1) ), ( (0.19876965880393982, 0.0034659700468182564, -0.9800397157669067, 0), (0.08977455645799637, 0.9957249760627747, 0.021729251369833946, 0), (0.9759254455566406, -0.09230184555053711, 0.19760867953300476, 0), (-19.613433837890625, 2.342529296875, 13.80278205871582, 1) ), ( (0.08930528908967972, 0.9957143664360046, 0.024028103798627853, 0), (0.19897830486297607, 0.005802304018288851, -0.9799864292144775, 0), (-0.9759261608123779, 0.09229912608861923, -0.19760732352733612, 0), (-15.683380126953125, 8.137943267822266, -2.899531126022339, 1) ), ( (0.0034978361800312996, 0.996801495552063, 0.07983831316232681, 0), (-0.0002992696245200932, -0.07983780652284622, 0.9968077540397644, 0), (0.9999938607215881, -0.003510622540488839, 0.000018994780475622974, 0), (-15.607269287109375, 29.824058532714844, -1.0987699031829834, 1) ), ( (0.003498207312077284, 0.9965639710426331, 0.08275240659713745, 0), (-0.0663062110543251, -0.08233969658613205, 0.9943959712982178, 0), (0.9977931976318359, -0.00896566640585661, 0.06579028815031052, 0), (-15.682178497314453, 19.812881469726562, -1.9621753692626953, 1) ), ( (0.0034982047509402037, 0.9965639710426331, 0.08275239914655685, 0), (-0.13201315701007843, -0.08156847208738327, 0.9878860116004944, 0), (0.9912418127059937, -0.014380304142832756, 0.13127419352531433, 0), (-15.70266342163086, 13.976810455322266, -2.4467904567718506, 1) ), ( (0.003498207312077284, 0.9965639710426331, 0.08275239914655685, 0), (-0.1991061568260193, -0.08040191233158112, 0.9766739010810852, 0), (0.9799715876579285, -0.019893189892172813, 0.1981406807899475, 0), (-15.723146438598633, 8.140708923339844, -2.9314098358154297, 1) ), ( (0.003511124523356557, 0.999869704246521, 0.015760082751512527, 0), (-0.00007450684643117711, -0.01575997844338417, 0.9998758435249329, 0), (0.9999938607215881, -0.0035119224339723587, 0.00001910373248392716, 0), (-15.601064682006836, 54.24879837036133, -0.6784327030181885, 1) ), ( (0.003511124523356557, 0.999869704246521, 0.015760082751512527, 0), (-0.00007493355224141851, -0.01575997658073902, 0.9998758435249329, 0), (0.9999938607215881, -0.0035119291860610247, 0.000019530383724486455, 0), (-15.635370254516602, 44.4792366027832, -0.8324214816093445, 1) ), ( (0.003511124523356557, 0.999869704246521, 0.015760082751512527, 0), (-0.00007366119098151103, -0.01575998030602932, 0.9998758435249329, 0), (0.9999938607215881, -0.0035119091626256704, 0.000018258171621710062, 0), (-15.639936447143555, 31.84905242919922, -1.0491902828216553, 1) )]
